*KEYWORD
*DEFINE_CURVE_TITLE
SYNTHETIC VTAIL Cp
$ LCID SIDR SFA SFO OFFA OFFO DATTYP
 1 0 1.0 1.0 0 0 0
$ ABSCISSA ORDINATE
 8.218750000000E+00  0.000000000000E+00
 8.217594000150E+00 -7.169040455513E-04
 8.214133127723E+00 -2.856572265628E-03
 8.208388720149E+00 -6.386027717730E-03
 8.200396193611E+00 -1.125082270641E-02
 8.190204824692E+00 -1.737580210556E-02
 8.177877446571E+00 -2.466615713490E-02
 8.163490061633E+00 -3.300875496379E-02
 8.147131372891E+00 -4.227372568624E-02
 8.128902237100E+00 -5.231628463830E-02
 8.108915042945E+00 -6.297876476096E-02
 8.087293018124E+00 -7.409283079480E-02
 8.064169469610E+00 -8.548184456718E-02
 8.039686961768E+00 -9.696334853279E-02
 8.013996437402E+00 -1.083516330845E-01
 7.987256287137E+00 -1.194603519852E-01
 7.959631372891E+00 -1.301051495996E-01
 7.931292011446E+00 -1.401062634367E-01
 7.902412924390E+00 -1.492910658516E-01
 7.873172160898E+00 -1.574965095941E-01
 7.843750000000E+00 -1.645714432206E-01
 7.814327839102E+00 -1.703787641855E-01
 7.785087075610E+00 -1.747973796709E-01
 7.756207988554E+00 -1.777239478477E-01
 7.727868627109E+00 -1.790743750186E-01
 7.700243712863E+00 -1.787850449282E-01
 7.673503562598E+00 -1.768137393196E-01
 7.647813038232E+00 -1.731400597767E-01
 7.623330530390E+00 -1.677641848748E-01
 7.600206981876E+00 -1.606974372531E-01
 7.578584957055E+00 -1.519138192988E-01
 7.558597762900E+00 -1.411442953486E-01
 7.540368627109E+00 -1.271666428901E-01
 7.524009938367E+00 -1.059015251796E-01
 7.509622553429E+00 -6.679970373398E-02
 7.497295175308E+00  1.068224315706E-02
 7.487103806389E+00  1.536445278694E-01
 7.479111279851E+00  3.765422322920E-01
 7.473366872277E+00  6.506326038657E-01
 7.469905999850E+00  8.920158454156E-01
 7.468750000000E+00  1.000000000000E+00
 7.469905999850E+00  9.285086982048E-01
 7.473366872277E+00  7.232249879672E-01
 7.479111279851E+00  4.844527838080E-01
 7.487103806389E+00  2.957143256773E-01
 7.497295175308E+00  1.853903554223E-01
 7.509622553429E+00  1.386841735521E-01
 7.524009938367E+00  1.281789081494E-01
 7.540368627109E+00  1.330436563091E-01
 7.558597762900E+00  1.424746940751E-01
 7.578584957055E+00  1.521745567561E-01
 7.600206981876E+00  1.607421112999E-01
 7.623330530390E+00  1.677709474803E-01
 7.647813038232E+00  1.731409744579E-01
 7.673503562598E+00  1.768138511846E-01
 7.700243712863E+00  1.787850574540E-01
 7.727868627109E+00  1.790743763195E-01
 7.756207988554E+00  1.777239479747E-01
 7.785087075610E+00  1.747973796827E-01
 7.814327839102E+00  1.703787641866E-01
 7.843750000000E+00  1.645714432207E-01
 7.873172160898E+00  1.574965095941E-01
 7.902412924390E+00  1.492910658516E-01
 7.931292011446E+00  1.401062634367E-01
 7.959631372891E+00  1.301051495996E-01
 7.987256287137E+00  1.194603519852E-01
 8.013996437402E+00  1.083516330845E-01
 8.039686961768E+00  9.696334853279E-02
 8.064169469610E+00  8.548184456718E-02
 8.087293018124E+00  7.409283079480E-02
 8.108915042945E+00  6.297876476096E-02
 8.128902237100E+00  5.231628463830E-02
 8.147131372891E+00  4.227372568624E-02
 8.163490061633E+00  3.300875496379E-02
 8.177877446571E+00  2.466615713490E-02
 8.190204824692E+00  1.737580210556E-02
 8.200396193611E+00  1.125082270641E-02
 8.208388720149E+00  6.386027717730E-03
 8.214133127723E+00  2.856572265628E-03
 8.217594000150E+00  7.169040455513E-04
 8.218750000000E+00  0.000000000000E+00
*END
