*KEYWORD
*DEFINE_CURVE_TITLE
SYNTHETIC VTAIL Cp
$ LCID SIDR SFA SFO OFFA OFFO DATTYP
 1 0 1.0 1.0 0 0 0
$ ABSCISSA ORDINATE
 8.212500000000E+00  0.000000000000E+00
 8.211112800180E+00 -8.325337303177E-04
 8.206959753268E+00 -3.317309727826E-03
 8.200066464179E+00 -7.416032188331E-03
 8.190475432333E+00 -1.306547153002E-02
 8.178245789630E+00 -2.017835083226E-02
 8.163452935885E+00 -2.864456957602E-02
 8.146188073959E+00 -3.833274769989E-02
 8.126557647469E+00 -4.909206853885E-02
 8.104682684520E+00 -6.075439506383E-02
 8.080698051534E+00 -7.313663004498E-02
 8.054751621749E+00 -8.604328737461E-02
 8.027003363532E+00 -9.926923885221E-02
 7.997624354122E+00 -1.126025982961E-01
 7.966795724883E+00 -1.258277029368E-01
 7.934707544564E+00 -1.387281506925E-01
 7.901557647469E+00 -1.510898511479E-01
 7.867550413735E+00 -1.627040478620E-01
 7.832895509268E+00 -1.733702700212E-01
 7.797806593078E+00 -1.828991724318E-01
 7.762500000000E+00 -1.911152243852E-01
 7.727193406922E+00 -1.978592100220E-01
 7.692104490732E+00 -2.029905054252E-01
 7.657449586265E+00 -2.063891007366E-01
 7.623442352531E+00 -2.079573388362E-01
 7.590292455436E+00 -2.076213435074E-01
 7.558204275117E+00 -2.053320933925E-01
 7.527375645878E+00 -2.010659496343E-01
 7.497996636468E+00 -1.948234697421E-01
 7.470248378251E+00 -1.866199814913E-01
 7.444301948466E+00 -1.764370754322E-01
 7.420317315480E+00 -1.640167944956E-01
 7.398442352531E+00 -1.481513444384E-01
 7.378811926041E+00 -1.247789794803E-01
 7.361547064115E+00 -8.337098416028E-02
 7.346754210370E+00 -3.407120735301E-03
 7.334524567667E+00  1.421872861107E-01
 7.324933535821E+00  3.678397684601E-01
 7.318040246732E+00  6.447783793414E-01
 7.313887199820E+00  8.890728734165E-01
 7.312500000000E+00  1.000000000000E+00
 7.313887199820E+00  9.314516702040E-01
 7.318040246732E+00  7.290792124915E-01
 7.324933535821E+00  4.931552476400E-01
 7.334524567667E+00  3.071715674359E-01
 7.346754210370E+00  1.994797193147E-01
 7.361547064115E+00  1.552554539784E-01
 7.378811926041E+00  1.470563624501E-01
 7.398442352531E+00  1.540283578574E-01
 7.420317315480E+00  1.653471932222E-01
 7.444301948466E+00  1.766978128895E-01
 7.470248378251E+00  1.866646555380E-01
 7.497996636468E+00  1.948302323476E-01
 7.527375645878E+00  2.010668643155E-01
 7.558204275117E+00  2.053322052575E-01
 7.590292455436E+00  2.076213560332E-01
 7.623442352531E+00  2.079573401371E-01
 7.657449586265E+00  2.063891008636E-01
 7.692104490732E+00  2.029905054370E-01
 7.727193406922E+00  1.978592100230E-01
 7.762500000000E+00  1.911152243853E-01
 7.797806593078E+00  1.828991724318E-01
 7.832895509268E+00  1.733702700212E-01
 7.867550413735E+00  1.627040478620E-01
 7.901557647469E+00  1.510898511479E-01
 7.934707544564E+00  1.387281506925E-01
 7.966795724883E+00  1.258277029368E-01
 7.997624354122E+00  1.126025982961E-01
 8.027003363532E+00  9.926923885221E-02
 8.054751621749E+00  8.604328737461E-02
 8.080698051534E+00  7.313663004498E-02
 8.104682684520E+00  6.075439506383E-02
 8.126557647469E+00  4.909206853885E-02
 8.146188073959E+00  3.833274769989E-02
 8.163452935885E+00  2.864456957602E-02
 8.178245789630E+00  2.017835083226E-02
 8.190475432333E+00  1.306547153002E-02
 8.200066464179E+00  7.416032188331E-03
 8.206959753268E+00  3.317309727826E-03
 8.211112800180E+00  8.325337303177E-04
 8.212500000000E+00  0.000000000000E+00
*END
