*KEYWORD
*DEFINE_CURVE_TITLE
SYNTHETIC VTAIL Cp
$ LCID SIDR SFA SFO OFFA OFFO DATTYP
 1 0 1.0 1.0 0 0 0
$ ABSCISSA ORDINATE
 8.225000000000E+00  0.000000000000E+00
 8.224075200120E+00 -4.336113178738E-04
 8.221306502179E+00 -1.727765483242E-03
 8.216710976119E+00 -3.862516764756E-03
 8.210316954889E+00 -6.804933088553E-03
 8.202163859753E+00 -1.050955772513E-02
 8.192301957257E+00 -1.491904665418E-02
 8.180792049306E+00 -1.996497276036E-02
 8.167705098312E+00 -2.556878569732E-02
 8.153121789680E+00 -3.164291409575E-02
 8.137132034356E+00 -3.809199481510E-02
 8.119834414499E+00 -4.481421217428E-02
 8.101335575688E+00 -5.170272856886E-02
 8.081749569415E+00 -5.864718661258E-02
 8.061197149922E+00 -6.553526194627E-02
 8.039805029710E+00 -7.225424515234E-02
 8.017705098312E+00 -7.869263080620E-02
 7.995033609157E+00 -8.474169159477E-02
 7.971930339512E+00 -9.029701563603E-02
 7.948537728718E+00 -9.525998564157E-02
 7.925000000000E+00 -9.953917936729E-02
 7.901462271282E+00 -1.030516718862E-01
 7.878069660488E+00 -1.057242215728E-01
 7.854966390843E+00 -1.074943232699E-01
 7.832294901688E+00 -1.083111136655E-01
 7.810194970290E+00 -1.081361134091E-01
 7.788802850078E+00 -1.069437718410E-01
 7.768250430585E+00 -1.047216296255E-01
 7.748664424312E+00 -1.014689369498E-01
 7.730165585501E+00 -9.718720386967E-02
 7.712867965644E+00 -9.183184177180E-02
 7.696878210320E+00 -8.510667243824E-02
 7.682294901688E+00 -7.575412409667E-02
 7.669207950694E+00 -5.965176214281E-02
 7.657698042743E+00 -2.620006668956E-02
 7.647836140247E+00  4.520118469333E-02
 7.639683045111E+00  1.817147701782E-01
 7.633289023881E+00  3.978632686803E-01
 7.628693497821E+00  6.649754539502E-01
 7.625924799880E+00  8.992261268135E-01
 7.625000000000E+00  1.000000000000E+00
 7.625924799880E+00  9.212984168070E-01
 7.628693497821E+00  7.088821378826E-01
 7.633289023881E+00  4.631317474198E-01
 7.639683045111E+00  2.676440833684E-01
 7.647836140247E+00  1.508714138860E-01
 7.657698042743E+00  9.808453650765E-02
 7.669207950694E+00  8.192914511262E-02
 7.682294901688E+00  8.163113751574E-02
 7.696878210320E+00  8.643707116480E-02
 7.712867965644E+00  9.209257922910E-02
 7.730165585501E+00  9.723187791643E-02
 7.748664424312E+00  1.014756995553E-01
 7.768250430585E+00  1.047225443067E-01
 7.788802850078E+00  1.069438837059E-01
 7.810194970290E+00  1.081361259350E-01
 7.832294901688E+00  1.083111149664E-01
 7.854966390843E+00  1.074943233969E-01
 7.878069660488E+00  1.057242215846E-01
 7.901462271282E+00  1.030516718873E-01
 7.925000000000E+00  9.953917936738E-02
 7.948537728718E+00  9.525998564157E-02
 7.971930339512E+00  9.029701563603E-02
 7.995033609157E+00  8.474169159477E-02
 8.017705098312E+00  7.869263080620E-02
 8.039805029710E+00  7.225424515234E-02
 8.061197149922E+00  6.553526194627E-02
 8.081749569415E+00  5.864718661258E-02
 8.101335575688E+00  5.170272856886E-02
 8.119834414499E+00  4.481421217428E-02
 8.137132034356E+00  3.809199481510E-02
 8.153121789680E+00  3.164291409575E-02
 8.167705098312E+00  2.556878569732E-02
 8.180792049306E+00  1.996497276036E-02
 8.192301957257E+00  1.491904665418E-02
 8.202163859753E+00  1.050955772513E-02
 8.210316954889E+00  6.804933088553E-03
 8.216710976119E+00  3.862516764756E-03
 8.221306502179E+00  1.727765483242E-03
 8.224075200120E+00  4.336113178738E-04
 8.225000000000E+00  0.000000000000E+00
*END
