*KEYWORD
*DEFINE_CURVE_TITLE
SYNTHETIC VTAIL Cp
$ LCID SIDR SFA SFO OFFA OFFO DATTYP
 1 0 1.0 1.0 0 0 0
$ ABSCISSA ORDINATE
 8.206250000000E+00  0.000000000000E+00
 8.204631600210E+00 -9.019115411775E-04
 8.199786378812E+00 -3.593752205144E-03
 8.191744208209E+00 -8.034034870692E-03
 8.180554671055E+00 -1.415426082419E-02
 8.166286754568E+00 -2.185988006828E-02
 8.149028425199E+00 -3.103161704069E-02
 8.128886086286E+00 -4.152714334154E-02
 8.105983922047E+00 -5.318307425043E-02
 8.080463131940E+00 -6.581726131915E-02
 8.052481060123E+00 -7.923134921540E-02
 8.022210225373E+00 -9.321356132249E-02
 7.989837257454E+00 -1.075416754232E-01
 7.955561746476E+00 -1.219861481542E-01
 7.919595012363E+00 -1.363133448482E-01
 7.882158801992E+00 -1.502888299169E-01
 7.843483922047E+00 -1.636806720769E-01
 7.803808816024E+00 -1.762627185171E-01
 7.763378094146E+00 -1.878177925229E-01
 7.722441025257E+00 -1.981407701345E-01
 7.681250000000E+00 -2.070414930840E-01
 7.640058974743E+00 -2.143474775239E-01
 7.599121905854E+00 -2.199063808778E-01
 7.558691183976E+00 -2.235881924699E-01
 7.519016077953E+00 -2.252871171268E-01
 7.480341198008E+00 -2.249231226549E-01
 7.442904987637E+00 -2.224431058363E-01
 7.406938253524E+00 -2.178214835489E-01
 7.372662742546E+00 -2.110590406625E-01
 7.340289774627E+00 -2.021735080342E-01
 7.310018939877E+00 -1.911510291123E-01
 7.282036868060E+00 -1.777402939839E-01
 7.256516077953E+00 -1.607421653674E-01
 7.233613913714E+00 -1.361054520607E-01
 7.213471574801E+00 -9.331375241606E-02
 7.196213245432E+00 -1.186073907072E-02
 7.181945328945E+00  1.353129410555E-01
 7.170755791791E+00  3.626182901609E-01
 7.162713621188E+00  6.412658446268E-01
 7.157868399790E+00  8.873070902170E-01
 7.156250000000E+00  1.000000000000E+00
 7.157868399790E+00  9.332174534034E-01
 7.162713621188E+00  7.325917472061E-01
 7.170755791791E+00  4.983767259391E-01
 7.181945328945E+00  3.140459124912E-01
 7.196213245432E+00  2.079333376501E-01
 7.213471574801E+00  1.651982222341E-01
 7.233613913714E+00  1.583828350306E-01
 7.256516077953E+00  1.666191787864E-01
 7.282036868060E+00  1.790706927104E-01
 7.310018939877E+00  1.914117665696E-01
 7.340289774627E+00  2.022181820809E-01
 7.372662742546E+00  2.110658032680E-01
 7.406938253524E+00  2.178223982301E-01
 7.442904987637E+00  2.224432177013E-01
 7.480341198008E+00  2.249231351808E-01
 7.519016077953E+00  2.252871184277E-01
 7.558691183976E+00  2.235881925969E-01
 7.599121905854E+00  2.199063808896E-01
 7.640058974743E+00  2.143474775249E-01
 7.681250000000E+00  2.070414930841E-01
 7.722441025257E+00  1.981407701345E-01
 7.763378094146E+00  1.878177925229E-01
 7.803808816024E+00  1.762627185171E-01
 7.843483922047E+00  1.636806720769E-01
 7.882158801992E+00  1.502888299169E-01
 7.919595012363E+00  1.363133448482E-01
 7.955561746476E+00  1.219861481542E-01
 7.989837257454E+00  1.075416754232E-01
 8.022210225373E+00  9.321356132249E-02
 8.052481060123E+00  7.923134921540E-02
 8.080463131940E+00  6.581726131915E-02
 8.105983922047E+00  5.318307425043E-02
 8.128886086286E+00  4.152714334154E-02
 8.149028425199E+00  3.103161704069E-02
 8.166286754568E+00  2.185988006828E-02
 8.180554671055E+00  1.415426082419E-02
 8.191744208209E+00  8.034034870692E-03
 8.199786378812E+00  3.593752205144E-03
 8.204631600210E+00  9.019115411775E-04
 8.206250000000E+00  0.000000000000E+00
*END
