*KEYWORD
*DEFINE_CURVE_TITLE
SYNTHETIC VTAIL Cp
$ LCID SIDR SFA SFO OFFA OFFO DATTYP
 1 0 1.0 1.0 0 0 0
$ ABSCISSA ORDINATE
 8.212500000000E+00  0.000000000000E+00
 8.211112800180E+00 -6.504169768107E-04
 8.206959753268E+00 -2.591648224864E-03
 8.200066464179E+00 -5.793775147134E-03
 8.190475432333E+00 -1.020739963283E-02
 8.178245789630E+00 -1.576433658770E-02
 8.163452935885E+00 -2.237856998126E-02
 8.146188073959E+00 -2.994745914054E-02
 8.126557647469E+00 -3.835317854598E-02
 8.104682684520E+00 -4.746437114362E-02
 8.080698051534E+00 -5.713799222264E-02
 8.054751621749E+00 -6.722131826141E-02
 8.027003363532E+00 -7.755409285329E-02
 7.997624354122E+00 -8.797077991887E-02
 7.966795724883E+00 -9.830289291941E-02
 7.934707544564E+00 -1.083813677285E-01
 7.901557647469E+00 -1.180389462093E-01
 7.867550413735E+00 -1.271125373922E-01
 7.832895509268E+00 -1.354455234540E-01
 7.797806593078E+00 -1.428899784623E-01
 7.762500000000E+00 -1.493087690510E-01
 7.727193406922E+00 -1.545775078296E-01
 7.692104490732E+00 -1.585863323621E-01
 7.657449586265E+00 -1.612414849366E-01
 7.623442352531E+00 -1.624666708235E-01
 7.590292455436E+00 -1.622041732451E-01
 7.558204275117E+00 -1.604156857277E-01
 7.527375645878E+00 -1.570826731086E-01
 7.497996636468E+00 -1.522050960760E-01
 7.470248378251E+00 -1.457919743162E-01
 7.444301948466E+00 -1.378129470220E-01
 7.420317315480E+00 -1.279926083390E-01
 7.398442352531E+00 -1.151004394998E-01
 7.378811926041E+00 -9.504698895667E-02
 7.361547064115E+00 -5.727121748886E-02
 7.346754210370E+00  1.878362739516E-02
 7.334524567667E+00  1.602324418807E-01
 7.324933535821E+00  3.815461489954E-01
 7.318040246732E+00  6.539987829672E-01
 7.313887199820E+00  8.937080543151E-01
 7.312500000000E+00  1.000000000000E+00
 7.313887199820E+00  9.268164893053E-01
 7.318040246732E+00  7.198588088657E-01
 7.324933535821E+00  4.794488671047E-01
 7.334524567667E+00  2.891264116660E-01
 7.346754210370E+00  1.772889711842E-01
 7.361547064115E+00  1.291556873070E-01
 7.378811926041E+00  1.173243719265E-01
 7.398442352531E+00  1.209774529188E-01
 7.420317315480E+00  1.293230070656E-01
 7.444301948466E+00  1.380736844793E-01
 7.470248378251E+00  1.458366483630E-01
 7.497996636468E+00  1.522118586816E-01
 7.527375645878E+00  1.570835877897E-01
 7.558204275117E+00  1.604157975927E-01
 7.590292455436E+00  1.622041857710E-01
 7.623442352531E+00  1.624666721244E-01
 7.657449586265E+00  1.612414850636E-01
 7.692104490732E+00  1.585863323740E-01
 7.727193406922E+00  1.545775078306E-01
 7.762500000000E+00  1.493087690510E-01
 7.797806593078E+00  1.428899784624E-01
 7.832895509268E+00  1.354455234540E-01
 7.867550413735E+00  1.271125373922E-01
 7.901557647469E+00  1.180389462093E-01
 7.934707544564E+00  1.083813677285E-01
 7.966795724883E+00  9.830289291941E-02
 7.997624354122E+00  8.797077991887E-02
 8.027003363532E+00  7.755409285329E-02
 8.054751621749E+00  6.722131826141E-02
 8.080698051534E+00  5.713799222264E-02
 8.104682684520E+00  4.746437114362E-02
 8.126557647469E+00  3.835317854598E-02
 8.146188073959E+00  2.994745914054E-02
 8.163452935885E+00  2.237856998126E-02
 8.178245789630E+00  1.576433658770E-02
 8.190475432333E+00  1.020739963283E-02
 8.200066464179E+00  5.793775147134E-03
 8.206959753268E+00  2.591648224864E-03
 8.211112800180E+00  6.504169768107E-04
 8.212500000000E+00  0.000000000000E+00
*END
