*KEYWORD
*DEFINE_CURVE_TITLE
SYNTHETIC VTAIL Cp
$ LCID SIDR SFA SFO OFFA OFFO DATTYP
 1 0 1.0 1.0 0 0 0
$ ABSCISSA ORDINATE
 8.206250000000E+00  0.000000000000E+00
 8.204631600210E+00 -7.046183915449E-04
 8.199786378812E+00 -2.807618910269E-03
 8.191744208209E+00 -6.276589742728E-03
 8.180554671055E+00 -1.105801626890E-02
 8.166286754568E+00 -1.707803130334E-02
 8.149028425199E+00 -2.424345081304E-02
 8.128886086286E+00 -3.244308073558E-02
 8.105983922047E+00 -4.154927675815E-02
 8.080463131940E+00 -5.141973540559E-02
 8.052481060123E+00 -6.189949157453E-02
 8.022210225373E+00 -7.282309478320E-02
 7.989837257454E+00 -8.401693392440E-02
 7.955561746476E+00 -9.530167824544E-02
 7.919595012363E+00 -1.064948006627E-01
 7.882158801992E+00 -1.174131483725E-01
 7.843483922047E+00 -1.278755250601E-01
 7.803808816024E+00 -1.377052488415E-01
 7.763378094146E+00 -1.467326504085E-01
 7.722441025257E+00 -1.547974766675E-01
 7.681250000000E+00 -1.617511664719E-01
 7.640058974743E+00 -1.674589668154E-01
 7.599121905854E+00 -1.718018600595E-01
 7.558691183976E+00 -1.746782753532E-01
 7.519016077953E+00 -1.760055601130E-01
 7.480341198008E+00 -1.757211882041E-01
 7.442904987637E+00 -1.737836641994E-01
 7.406938253524E+00 -1.701729339793E-01
 7.372662742546E+00 -1.648891358576E-01
 7.340289774627E+00 -1.579431669278E-01
 7.310018939877E+00 -1.493082233346E-01
 7.282036868060E+00 -1.387140923142E-01
 7.256516077953E+00 -1.249370183505E-01
 7.233613913714E+00 -1.038957956601E-01
 7.213471574801E+00 -6.503900518869E-02
 7.196213245432E+00  1.217923807062E-02
 7.181945328945E+00  1.548618598063E-01
 7.170755791791E+00  3.774668690742E-01
 7.162713621188E+00  6.512546152214E-01
 7.157868399790E+00  8.923285361905E-01
 7.156250000000E+00  1.000000000000E+00
 7.157868399790E+00  9.281960074299E-01
 7.162713621188E+00  7.226029766115E-01
 7.170755791791E+00  4.835281470259E-01
 7.181945328945E+00  2.944969937404E-01
 7.196213245432E+00  1.838933605087E-01
 7.213471574801E+00  1.369234750068E-01
 7.233613913714E+00  1.261731786299E-01
 7.256516077953E+00  1.308140317696E-01
 7.282036868060E+00  1.400444910407E-01
 7.310018939877E+00  1.495689607919E-01
 7.340289774627E+00  1.579878409746E-01
 7.372662742546E+00  1.648958984631E-01
 7.406938253524E+00  1.701738486605E-01
 7.442904987637E+00  1.737837760643E-01
 7.480341198008E+00  1.757212007300E-01
 7.519016077953E+00  1.760055614139E-01
 7.558691183976E+00  1.746782754802E-01
 7.599121905854E+00  1.718018600713E-01
 7.640058974743E+00  1.674589668165E-01
 7.681250000000E+00  1.617511664720E-01
 7.722441025257E+00  1.547974766676E-01
 7.763378094146E+00  1.467326504085E-01
 7.803808816024E+00  1.377052488415E-01
 7.843483922047E+00  1.278755250601E-01
 7.882158801992E+00  1.174131483725E-01
 7.919595012363E+00  1.064948006627E-01
 7.955561746476E+00  9.530167824544E-02
 7.989837257454E+00  8.401693392440E-02
 8.022210225373E+00  7.282309478320E-02
 8.052481060123E+00  6.189949157453E-02
 8.080463131940E+00  5.141973540559E-02
 8.105983922047E+00  4.154927675815E-02
 8.128886086286E+00  3.244308073558E-02
 8.149028425199E+00  2.424345081304E-02
 8.166286754568E+00  1.707803130334E-02
 8.180554671055E+00  1.105801626890E-02
 8.191744208209E+00  6.276589742728E-03
 8.199786378812E+00  2.807618910269E-03
 8.204631600210E+00  7.046183915449E-04
 8.206250000000E+00  0.000000000000E+00
*END
