*KEYWORD
*DEFINE_CURVE_TITLE
SYNTHETIC VTAIL Cp
$ LCID SIDR SFA SFO OFFA OFFO DATTYP
 1 0 1.0 1.0 0 0 0
$ ABSCISSA ORDINATE
 8.218750000000E+00  0.000000000000E+00
 8.217594000150E+00 -4.032585256226E-04
 8.214133127723E+00 -1.606821899415E-03
 8.208388720149E+00 -3.592140591223E-03
 8.200396193611E+00 -6.328587772354E-03
 8.190204824692E+00 -9.773888684375E-03
 8.177877446571E+00 -1.387471338838E-02
 8.163490061633E+00 -1.856742466713E-02
 8.147131372891E+00 -2.377897069851E-02
 8.128902237100E+00 -2.942791010904E-02
 8.108915042945E+00 -3.542555517804E-02
 8.087293018124E+00 -4.167721732208E-02
 8.064169469610E+00 -4.808353756904E-02
 8.039686961768E+00 -5.454188354970E-02
 8.013996437402E+00 -6.094779361003E-02
 7.987256287137E+00 -6.719644799167E-02
 7.959631372891E+00 -7.318414664977E-02
 7.931292011446E+00 -7.880977318314E-02
 7.902412924390E+00 -8.397622454151E-02
 7.873172160898E+00 -8.859178664666E-02
 7.843750000000E+00 -9.257143681157E-02
 7.814327839102E+00 -9.583805485412E-02
 7.785087075610E+00 -9.832352606229E-02
 7.756207988554E+00 -9.996972063654E-02
 7.727868627109E+00 -1.007293356634E-01
 7.700243712863E+00 -1.005665850321E-01
 7.673503562598E+00 -9.945770389681E-02
 7.647813038232E+00 -9.739108353789E-02
 7.623330530390E+00 -9.436587467209E-02
 7.600206981876E+00 -9.038253600715E-02
 7.578584957055E+00 -8.539448703677E-02
 7.558597762900E+00 -7.910264141213E-02
 7.540368627109E+00 -7.024563994024E-02
 7.524009938367E+00 -5.469643038887E-02
 7.509622553429E+00 -2.185010557766E-02
 7.497295175308E+00  4.889964271508E-02
 7.487103806389E+00  1.847222961399E-01
 7.479111279851E+00  4.001476654361E-01
 7.473366872277E+00  6.665121878879E-01
 7.469905999850E+00  8.999986569633E-01
 7.468750000000E+00  1.000000000000E+00
 7.469905999850E+00  9.205258866572E-01
 7.473366872277E+00  7.073454039450E-01
 7.479111279851E+00  4.608473506639E-01
 7.487103806389E+00  2.646365574068E-01
 7.497295175308E+00  1.471729558643E-01
 7.509622553429E+00  9.373457539575E-02
 7.524009938367E+00  7.697381335868E-02
 7.540368627109E+00  7.612265335930E-02
 7.558597762900E+00  8.043304013869E-02
 7.578584957055E+00  8.565522449407E-02
 7.600206981876E+00  9.042721005392E-02
 7.623330530390E+00  9.437263727762E-02
 7.647813038232E+00  9.739199821906E-02
 7.673503562598E+00  9.945781576180E-02
 7.700243712863E+00  1.005665975579E-01
 7.727868627109E+00  1.007293369643E-01
 7.756207988554E+00  9.996972076354E-02
 7.785087075610E+00  9.832352607410E-02
 7.814327839102E+00  9.583805485518E-02
 7.843750000000E+00  9.257143681167E-02
 7.873172160898E+00  8.859178664666E-02
 7.902412924390E+00  8.397622454151E-02
 7.931292011446E+00  7.880977318314E-02
 7.959631372891E+00  7.318414664977E-02
 7.987256287137E+00  6.719644799167E-02
 8.013996437402E+00  6.094779361003E-02
 8.039686961768E+00  5.454188354970E-02
 8.064169469610E+00  4.808353756904E-02
 8.087293018124E+00  4.167721732208E-02
 8.108915042945E+00  3.542555517804E-02
 8.128902237100E+00  2.942791010904E-02
 8.147131372891E+00  2.377897069851E-02
 8.163490061633E+00  1.856742466713E-02
 8.177877446571E+00  1.387471338838E-02
 8.190204824692E+00  9.773888684375E-03
 8.200396193611E+00  6.328587772354E-03
 8.208388720149E+00  3.592140591223E-03
 8.214133127723E+00  1.606821899415E-03
 8.217594000150E+00  4.032585256226E-04
 8.218750000000E+00  0.000000000000E+00
*END
