*KEYWORD
*DEFINE_CURVE_TITLE
SYNTHETIC VTAIL Cp
$ LCID SIDR SFA SFO OFFA OFFO DATTYP
 1 0 1.0 1.0 0 0 0
$ ABSCISSA ORDINATE
 8.212500000000E+00  0.000000000000E+00
 8.211112800180E+00 -4.683002233037E-04
 8.206959753268E+00 -1.865986721902E-03
 8.200066464179E+00 -4.171518105936E-03
 8.190475432333E+00 -7.349327735637E-03
 8.178245789630E+00 -1.135032234314E-02
 8.163452935885E+00 -1.611257038651E-02
 8.146188073959E+00 -2.156217058119E-02
 8.126557647469E+00 -2.761428855311E-02
 8.104682684520E+00 -3.417434722341E-02
 8.080698051534E+00 -4.113935440030E-02
 8.054751621749E+00 -4.839934914822E-02
 8.027003363532E+00 -5.583894685437E-02
 7.997624354122E+00 -6.333896154158E-02
 7.966795724883E+00 -7.077808290197E-02
 7.934707544564E+00 -7.803458476452E-02
 7.901557647469E+00 -8.498804127070E-02
 7.867550413735E+00 -9.152102692235E-02
 7.832895509268E+00 -9.752077688691E-02
 7.797806593078E+00 -1.028807844929E-01
 7.762500000000E+00 -1.075023137167E-01
 7.727193406922E+00 -1.112958056371E-01
 7.692104490732E+00 -1.141821592991E-01
 7.657449586265E+00 -1.160938691365E-01
 7.623442352531E+00 -1.169760028108E-01
 7.590292455436E+00 -1.167870029829E-01
 7.558204275117E+00 -1.154992780628E-01
 7.527375645878E+00 -1.130993965828E-01
 7.497996636468E+00 -1.095867224100E-01
 7.470248378251E+00 -1.049639671411E-01
 7.444301948466E+00 -9.918881861184E-02
 7.420317315480E+00 -9.196842218236E-02
 7.398442352531E+00 -8.204953456117E-02
 7.378811926041E+00 -6.531499843303E-02
 7.361547064115E+00 -3.117145081745E-02
 7.346754210370E+00  4.097437552563E-02
 7.334524567667E+00  1.782775976506E-01
 7.324933535821E+00  3.952525295307E-01
 7.318040246732E+00  6.632191865930E-01
 7.313887199820E+00  8.983432352138E-01
 7.312500000000E+00  1.000000000000E+00
 7.313887199820E+00  9.221813084067E-01
 7.318040246732E+00  7.106384052399E-01
 7.324933535821E+00  4.657424865694E-01
 7.334524567667E+00  2.710812558961E-01
 7.346754210370E+00  1.550982230537E-01
 7.361547064115E+00  1.030559206355E-01
 7.378811926041E+00  8.759238140284E-02
 7.398442352531E+00  8.792654798023E-02
 7.420317315480E+00  9.329882090892E-02
 7.444301948466E+00  9.944955606913E-02
 7.470248378251E+00  1.050086411879E-01
 7.497996636468E+00  1.095934850155E-01
 7.527375645878E+00  1.131003112640E-01
 7.558204275117E+00  1.154993899278E-01
 7.590292455436E+00  1.167870155087E-01
 7.623442352531E+00  1.169760041117E-01
 7.657449586265E+00  1.160938692635E-01
 7.692104490732E+00  1.141821593109E-01
 7.727193406922E+00  1.112958056382E-01
 7.762500000000E+00  1.075023137168E-01
 7.797806593078E+00  1.028807844929E-01
 7.832895509268E+00  9.752077688691E-02
 7.867550413735E+00  9.152102692235E-02
 7.901557647469E+00  8.498804127070E-02
 7.934707544564E+00  7.803458476452E-02
 7.966795724883E+00  7.077808290197E-02
 7.997624354122E+00  6.333896154158E-02
 8.027003363532E+00  5.583894685437E-02
 8.054751621749E+00  4.839934914822E-02
 8.080698051534E+00  4.113935440030E-02
 8.104682684520E+00  3.417434722341E-02
 8.126557647469E+00  2.761428855311E-02
 8.146188073959E+00  2.156217058119E-02
 8.163452935885E+00  1.611257038651E-02
 8.178245789630E+00  1.135032234314E-02
 8.190475432333E+00  7.349327735637E-03
 8.200066464179E+00  4.171518105936E-03
 8.206959753268E+00  1.865986721902E-03
 8.211112800180E+00  4.683002233037E-04
 8.212500000000E+00  0.000000000000E+00
*END
