*KEYWORD
*DEFINE_CURVE_TITLE
SYNTHETIC VTAIL Cp
$ LCID SIDR SFA SFO OFFA OFFO DATTYP
 1 0 1.0 1.0 0 0 0
$ ABSCISSA ORDINATE
 8.200000000000E+00  0.000000000000E+00
 8.198150400240E+00 -4.191576072780E-04
 8.192613004357E+00 -1.670173300468E-03
 8.183421952239E+00 -3.733766205931E-03
 8.170633909777E+00 -6.578101985601E-03
 8.154327719507E+00 -1.015923913430E-02
 8.134603914513E+00 -1.442174509904E-02
 8.111584098612E+00 -1.929947366835E-02
 8.085410196625E+00 -2.471649284074E-02
 8.056243579360E+00 -3.058815029256E-02
 8.024264068712E+00 -3.682226165459E-02
 7.989668828998E+00 -4.332040510180E-02
 7.952671151375E+00 -4.997930428323E-02
 7.913499138830E+00 -5.669228039216E-02
 7.872394299844E+00 -6.335075321473E-02
 7.829610059419E+00 -6.984577031393E-02
 7.785410196625E+00 -7.606954311266E-02
 7.740067218314E+00 -8.191696854161E-02
 7.693860679024E+00 -8.728711511483E-02
 7.647075457437E+00 -9.208465278685E-02
 7.600000000000E+00 -9.622120672171E-02
 7.552924542563E+00 -9.961661615664E-02
 7.506139320976E+00 -1.022000808535E-01
 7.459932781686E+00 -1.039111791588E-01
 7.414589803375E+00 -1.047007431883E-01
 7.370389940581E+00 -1.045315760867E-01
 7.327605700156E+00 -1.033789775818E-01
 7.286500861170E+00 -1.012308933933E-01
 7.247328848625E+00 -9.808652634135E-02
 7.210331171002E+00 -9.394688583990E-02
 7.175735931288E+00 -8.876643475512E-02
 7.143756420640E+00 -8.224761004486E-02
 7.114589803375E+00 -7.313103640313E-02
 7.088415901388E+00 -5.729208035522E-02
 7.065396085487E+00 -2.412865663627E-02
 7.045672280493E+00  4.696235517988E-02
 7.029366090223E+00  1.831469253981E-01
 7.016578047761E+00  3.989510766593E-01
 7.007386995643E+00  6.657072320158E-01
 7.001849599760E+00  8.995939983134E-01
 7.000000000000E+00  1.000000000000E+00
 7.001849599760E+00  9.209305453071E-01
 7.007386995643E+00  7.081503598171E-01
 7.016578047761E+00  4.620439394408E-01
 7.029366090223E+00  2.662119281486E-01
 7.045672280493E+00  1.491102433995E-01
 7.065396085487E+00  9.601312645437E-02
 7.088415901388E+00  7.956946332503E-02
 7.114589803375E+00  7.900804982220E-02
 7.143756420640E+00  8.357800877141E-02
 7.175735931288E+00  8.902717221242E-02
 7.210331171002E+00  9.399155988666E-02
 7.247328848625E+00  9.809328894688E-02
 7.286500861170E+00  1.012318080745E-01
 7.327605700156E+00  1.033790894468E-01
 7.370389940581E+00  1.045315886126E-01
 7.414589803375E+00  1.047007444892E-01
 7.459932781686E+00  1.039111792858E-01
 7.506139320976E+00  1.022000808653E-01
 7.552924542563E+00  9.961661615770E-02
 7.600000000000E+00  9.622120672180E-02
 7.647075457437E+00  9.208465278685E-02
 7.693860679024E+00  8.728711511483E-02
 7.740067218314E+00  8.191696854161E-02
 7.785410196625E+00  7.606954311266E-02
 7.829610059419E+00  6.984577031393E-02
 7.872394299844E+00  6.335075321473E-02
 7.913499138830E+00  5.669228039216E-02
 7.952671151375E+00  4.997930428323E-02
 7.989668828998E+00  4.332040510180E-02
 8.024264068712E+00  3.682226165459E-02
 8.056243579360E+00  3.058815029256E-02
 8.085410196625E+00  2.471649284074E-02
 8.111584098612E+00  1.929947366835E-02
 8.134603914513E+00  1.442174509904E-02
 8.154327719507E+00  1.015923913430E-02
 8.170633909777E+00  6.578101985601E-03
 8.183421952239E+00  3.733766205931E-03
 8.192613004357E+00  1.670173300468E-03
 8.198150400240E+00  4.191576072780E-04
 8.200000000000E+00  0.000000000000E+00
*END
