*KEYWORD
*DEFINE_CURVE_TITLE
SYNTHETIC VTAIL Cp
$ LCID SIDR SFA SFO OFFA OFFO DATTYP
 1 0 1.0 1.0 0 0 0
$ ABSCISSA ORDINATE
 8.218750000000E+00  0.000000000000E+00
 8.217594000150E+00 -5.600812855870E-04
 8.214133127723E+00 -2.231697082522E-03
 8.208388720149E+00 -4.989084154476E-03
 8.200396193611E+00 -8.789705239381E-03
 8.190204824692E+00 -1.357484539496E-02
 8.177877446571E+00 -1.927043526164E-02
 8.163490061633E+00 -2.578808981546E-02
 8.147131372891E+00 -3.302634819237E-02
 8.128902237100E+00 -4.087209737367E-02
 8.108915042945E+00 -4.920215996950E-02
 8.087293018124E+00 -5.788502405844E-02
 8.064169469610E+00 -6.678269106811E-02
 8.039686961768E+00 -7.575261604125E-02
 8.013996437402E+00 -8.464971334727E-02
 7.987256287137E+00 -9.332839998844E-02
 7.959631372891E+00 -1.016446481247E-01
 7.931292011446E+00 -1.094580183099E-01
 7.902412924390E+00 -1.166336451965E-01
 7.873172160898E+00 -1.230441481204E-01
 7.843750000000E+00 -1.285714400161E-01
 7.814327839102E+00 -1.331084095198E-01
 7.785087075610E+00 -1.365604528666E-01
 7.756207988554E+00 -1.388468342421E-01
 7.727868627109E+00 -1.399018553410E-01
 7.700243712863E+00 -1.396758149801E-01
 7.673503562598E+00 -1.381357216082E-01
 7.647813038232E+00 -1.352655716573E-01
 7.623330530390E+00 -1.310650297734E-01
 7.600206981876E+00 -1.255399866301E-01
 7.578584957055E+00 -1.186541531678E-01
 7.558597762900E+00 -1.101234683803E-01
 7.540368627109E+00 -9.870614141515E-02
 7.524009938367E+00 -8.029897778423E-02
 7.509622553429E+00 -4.432490465582E-02
 7.497295175308E+00  2.979094293607E-02
 7.487103806389E+00  1.691834120046E-01
 7.479111279851E+00  3.883449488641E-01
 7.473366872277E+00  6.585723958768E-01
 7.469905999850E+00  8.960072511895E-01
 7.468750000000E+00  1.000000000000E+00
 7.469905999850E+00  9.245172924310E-01
 7.473366872277E+00  7.152851959561E-01
 7.479111279851E+00  4.726500672360E-01
 7.487103806389E+00  2.801754415420E-01
 7.497295175308E+00  1.662816556433E-01
 7.509622553429E+00  1.162093744739E-01
 7.524009938367E+00  1.025763607540E-01
 7.540368627109E+00  1.045831548342E-01
 7.558597762900E+00  1.114538671069E-01
 7.578584957055E+00  1.189148906251E-01
 7.600206981876E+00  1.255846606769E-01
 7.623330530390E+00  1.310717923789E-01
 7.647813038232E+00  1.352664863385E-01
 7.673503562598E+00  1.381358334732E-01
 7.700243712863E+00  1.396758275060E-01
 7.727868627109E+00  1.399018566419E-01
 7.756207988554E+00  1.388468343691E-01
 7.785087075610E+00  1.365604528784E-01
 7.814327839102E+00  1.331084095209E-01
 7.843750000000E+00  1.285714400162E-01
 7.873172160898E+00  1.230441481204E-01
 7.902412924390E+00  1.166336451965E-01
 7.931292011446E+00  1.094580183099E-01
 7.959631372891E+00  1.016446481247E-01
 7.987256287137E+00  9.332839998844E-02
 8.013996437402E+00  8.464971334727E-02
 8.039686961768E+00  7.575261604125E-02
 8.064169469610E+00  6.678269106811E-02
 8.087293018124E+00  5.788502405844E-02
 8.108915042945E+00  4.920215996950E-02
 8.128902237100E+00  4.087209737367E-02
 8.147131372891E+00  3.302634819237E-02
 8.163490061633E+00  2.578808981546E-02
 8.177877446571E+00  1.927043526164E-02
 8.190204824692E+00  1.357484539496E-02
 8.200396193611E+00  8.789705239381E-03
 8.208388720149E+00  4.989084154476E-03
 8.214133127723E+00  2.231697082522E-03
 8.217594000150E+00  5.600812855870E-04
 8.218750000000E+00  0.000000000000E+00
*END
