*KEYWORD
*DEFINE_CURVE_TITLE
SYNTHETIC VTAIL Cp
$ LCID SIDR SFA SFO OFFA OFFO DATTYP
 1 0 1.0 1.0 0 0 0
$ ABSCISSA ORDINATE
 8.225000000000E+00  0.000000000000E+00
 8.224075200120E+00 -3.122001488691E-04
 8.221306502179E+00 -1.243991147935E-03
 8.216710976119E+00 -2.781012070624E-03
 8.210316954889E+00 -4.899551823758E-03
 8.202163859753E+00 -7.566881562097E-03
 8.192301957257E+00 -1.074171359101E-02
 8.180792049306E+00 -1.437478038746E-02
 8.167705098312E+00 -1.840952570207E-02
 8.153121789680E+00 -2.278289814894E-02
 8.137132034356E+00 -2.742623626687E-02
 8.119834414499E+00 -3.226623276548E-02
 8.101335575688E+00 -3.722596456958E-02
 8.081749569415E+00 -4.222597436106E-02
 8.061197149922E+00 -4.718538860131E-02
 8.039805029710E+00 -5.202305650968E-02
 8.017705098312E+00 -5.665869418047E-02
 7.995033609157E+00 -6.101401794823E-02
 7.971930339512E+00 -6.501385125794E-02
 7.948537728718E+00 -6.858718966193E-02
 7.925000000000E+00 -7.166820914443E-02
 7.901462271282E+00 -7.419720375791E-02
 7.878069660488E+00 -7.612143953076E-02
 7.854966390843E+00 -7.739591273653E-02
 7.832294901688E+00 -7.798400165705E-02
 7.810194970290E+00 -7.785799990094E-02
 7.788802850078E+00 -7.699950006439E-02
 7.768250430585E+00 -7.539944527501E-02
 7.748664424312E+00 -7.305668783906E-02
 7.730165585501E+00 -6.996853241961E-02
 7.712867965644E+00 -6.608242283168E-02
 7.696878210320E+00 -6.109054833381E-02
 7.682294901688E+00 -5.372018747093E-02
 7.669207950694E+00 -3.983043512705E-02
 7.657698042743E+00 -8.800222241950E-03
 7.647836140247E+00  5.999501678031E-02
 7.639683045111E+00  1.937448740248E-01
 7.633289023881E+00  4.070008557038E-01
 7.628693497821E+00  6.711223897008E-01
 7.625924799880E+00  9.023162474126E-01
 7.625000000000E+00  1.000000000000E+00
 7.625924799880E+00  9.182082962079E-01
 7.628693497821E+00  7.027352021321E-01
 7.633289023881E+00  4.539941603963E-01
 7.639683045111E+00  2.556139795218E-01
 7.647836140247E+00  1.360775817990E-01
 7.657698042743E+00  8.068469206004E-02
 7.669207950694E+00  6.210781809686E-02
 7.682294901688E+00  5.959720089000E-02
 7.696878210320E+00  6.242094706037E-02
 7.712867965644E+00  6.634316028897E-02
 7.730165585501E+00  7.001320646638E-02
 7.748664424312E+00  7.306345044458E-02
 7.768250430585E+00  7.540035995618E-02
 7.788802850078E+00  7.699961192938E-02
 7.810194970290E+00  7.785801242679E-02
 7.832294901688E+00  7.798400295795E-02
 7.854966390843E+00  7.739591286353E-02
 7.878069660488E+00  7.612143954257E-02
 7.901462271282E+00  7.419720375897E-02
 7.925000000000E+00  7.166820914453E-02
 7.948537728718E+00  6.858718966193E-02
 7.971930339512E+00  6.501385125794E-02
 7.995033609157E+00  6.101401794823E-02
 8.017705098312E+00  5.665869418047E-02
 8.039805029710E+00  5.202305650968E-02
 8.061197149922E+00  4.718538860131E-02
 8.081749569415E+00  4.222597436106E-02
 8.101335575688E+00  3.722596456958E-02
 8.119834414499E+00  3.226623276548E-02
 8.137132034356E+00  2.742623626687E-02
 8.153121789680E+00  2.278289814894E-02
 8.167705098312E+00  1.840952570207E-02
 8.180792049306E+00  1.437478038746E-02
 8.192301957257E+00  1.074171359101E-02
 8.202163859753E+00  7.566881562097E-03
 8.210316954889E+00  4.899551823758E-03
 8.216710976119E+00  2.781012070624E-03
 8.221306502179E+00  1.243991147935E-03
 8.224075200120E+00  3.122001488691E-04
 8.225000000000E+00  0.000000000000E+00
*END
