*KEYWORD
*DEFINE_CURVE_TITLE
SYNTHETIC VTAIL Cp
$ LCID SIDR SFA SFO OFFA OFFO DATTYP
 1 0 1.0 1.0 0 0 0
$ ABSCISSA ORDINATE
 8.200000000000E+00  0.000000000000E+00
 8.198150400240E+00 -7.226855297896E-04
 8.192613004357E+00 -2.879609138737E-03
 8.183421952239E+00 -6.437527941260E-03
 8.170633909777E+00 -1.134155514759E-02
 8.154327719507E+00 -1.751592954189E-02
 8.134603914513E+00 -2.486507775696E-02
 8.111584098612E+00 -3.327495460059E-02
 8.085410196625E+00 -4.261464282887E-02
 8.056243579360E+00 -5.273819015958E-02
 8.024264068712E+00 -6.348665802516E-02
 7.989668828998E+00 -7.469035362379E-02
 7.952671151375E+00 -8.617121428144E-02
 7.913499138830E+00 -9.774531102096E-02
 7.872394299844E+00 -1.092254365771E-01
 7.829610059419E+00 -1.204237419206E-01
 7.785410196625E+00 -1.311543846770E-01
 7.740067218314E+00 -1.412361526580E-01
 7.693860679024E+00 -1.504950260600E-01
 7.647075457437E+00 -1.587666427359E-01
 7.600000000000E+00 -1.658986322788E-01
 7.552924542563E+00 -1.717527864773E-01
 7.506139320976E+00 -1.762070359586E-01
 7.459932781686E+00 -1.791572054921E-01
 7.414589803375E+00 -1.805185232095E-01
 7.370389940581E+00 -1.802268598571E-01
 7.327605700156E+00 -1.782396570233E-01
 7.286500861170E+00 -1.745363542696E-01
 7.247328848625E+00 -1.691171491181E-01
 7.210331171002E+00 -1.619935644650E-01
 7.175735931288E+00 -1.531399821054E-01
 7.143756420640E+00 -1.422879203059E-01
 7.114589803375E+00 -1.282158779675E-01
 7.088415901388E+00 -1.068453978946E-01
 7.065396085487E+00 -6.762826775530E-02
 7.045672280493E+00  9.977774962439E-03
 7.029366090223E+00  1.530716657815E-01
 7.016578047761E+00  3.761071091004E-01
 7.007386995643E+00  6.503398926395E-01
 7.001849599760E+00  8.918686968157E-01
 7.000000000000E+00  1.000000000000E+00
 7.001849599760E+00  9.286558468048E-01
 7.007386995643E+00  7.235176991934E-01
 7.016578047761E+00  4.848879069996E-01
 7.029366090223E+00  2.962871877652E-01
 7.045672280493E+00  1.860948236169E-01
 7.065396085487E+00  1.395127375734E-01
 7.088415901388E+00  1.291227808644E-01
 7.114589803375E+00  1.340928913865E-01
 7.143756420640E+00  1.436183190325E-01
 7.175735931288E+00  1.534007195627E-01
 7.210331171002E+00  1.620382385118E-01
 7.247328848625E+00  1.691239117236E-01
 7.286500861170E+00  1.745372689507E-01
 7.327605700156E+00  1.782397688882E-01
 7.370389940581E+00  1.802268723830E-01
 7.414589803375E+00  1.805185245104E-01
 7.459932781686E+00  1.791572056191E-01
 7.506139320976E+00  1.762070359704E-01
 7.552924542563E+00  1.717527864784E-01
 7.600000000000E+00  1.658986322789E-01
 7.647075457437E+00  1.587666427360E-01
 7.693860679024E+00  1.504950260601E-01
 7.740067218314E+00  1.412361526580E-01
 7.785410196625E+00  1.311543846770E-01
 7.829610059419E+00  1.204237419206E-01
 7.872394299844E+00  1.092254365771E-01
 7.913499138830E+00  9.774531102096E-02
 7.952671151375E+00  8.617121428144E-02
 7.989668828998E+00  7.469035362379E-02
 8.024264068712E+00  6.348665802516E-02
 8.056243579360E+00  5.273819015958E-02
 8.085410196625E+00  4.261464282887E-02
 8.111584098612E+00  3.327495460059E-02
 8.134603914513E+00  2.486507775696E-02
 8.154327719507E+00  1.751592954189E-02
 8.170633909777E+00  1.134155514759E-02
 8.183421952239E+00  6.437527941260E-03
 8.192613004357E+00  2.879609138737E-03
 8.198150400240E+00  7.226855297896E-04
 8.200000000000E+00  0.000000000000E+00
*END
