*KEYWORD
*DEFINE_CURVE_TITLE
SYNTHETIC VTAIL Cp
$ LCID SIDR SFA SFO OFFA OFFO DATTYP
 1 0 1.0 1.0 0 0 0
$ ABSCISSA ORDINATE
 8.206250000000E+00  0.000000000000E+00
 8.204631600210E+00 -1.099204690810E-03
 8.199786378812E+00 -4.379885500020E-03
 8.191744208209E+00 -9.791479998656E-03
 8.180554671055E+00 -1.725050537948E-02
 8.166286754568E+00 -2.664172883321E-02
 8.149028425199E+00 -3.781978326834E-02
 8.128886086286E+00 -5.061120594750E-02
 8.105983922047E+00 -6.481687174271E-02
 8.080463131940E+00 -8.021478723272E-02
 8.052481060123E+00 -9.656320685627E-02
 8.022210225373E+00 -1.136040278618E-01
 7.989837257454E+00 -1.310664169221E-01
 7.955561746476E+00 -1.486706180629E-01
 7.919595012363E+00 -1.661318890338E-01
 7.882158801992E+00 -1.831645114612E-01
 7.843483922047E+00 -1.994858190937E-01
 7.803808816024E+00 -2.148201881927E-01
 7.763378094146E+00 -2.289029346373E-01
 7.722441025257E+00 -2.414840636014E-01
 7.681250000000E+00 -2.523318196961E-01
 7.640058974743E+00 -2.612359882323E-01
 7.599121905854E+00 -2.680109016961E-01
 7.558691183976E+00 -2.724981095866E-01
 7.519016077953E+00 -2.745686741405E-01
 7.480341198008E+00 -2.741250571057E-01
 7.442904987637E+00 -2.711025474732E-01
 7.406938253524E+00 -2.654700331185E-01
 7.372662742546E+00 -2.572289454674E-01
 7.340289774627E+00 -2.464038491405E-01
 7.310018939877E+00 -2.329938348900E-01
 7.282036868060E+00 -2.167664956536E-01
 7.256516077953E+00 -1.965473123842E-01
 7.233613913714E+00 -1.683151084614E-01
 7.213471574801E+00 -1.215884996434E-01
 7.196213245432E+00 -3.590071621205E-02
 7.181945328945E+00  1.157640223047E-01
 7.170755791791E+00  3.477697112477E-01
 7.162713621188E+00  6.312770740322E-01
 7.157868399790E+00  8.822856442435E-01
 7.156250000000E+00  1.000000000000E+00
 7.157868399790E+00  9.382388993770E-01
 7.162713621188E+00  7.425805178007E-01
 7.170755791791E+00  5.132253048524E-01
 7.181945328945E+00  3.335948312419E-01
 7.196213245432E+00  2.319733147914E-01
 7.213471574801E+00  1.934729694615E-01
 7.233613913714E+00  1.905924914312E-01
 7.256516077953E+00  2.024243258033E-01
 7.282036868060E+00  2.180968943801E-01
 7.310018939877E+00  2.332545723473E-01
 7.340289774627E+00  2.464485231873E-01
 7.372662742546E+00  2.572357080729E-01
 7.406938253524E+00  2.654709477996E-01
 7.442904987637E+00  2.711026593382E-01
 7.480341198008E+00  2.741250696315E-01
 7.519016077953E+00  2.745686754414E-01
 7.558691183976E+00  2.724981097136E-01
 7.599121905854E+00  2.680109017079E-01
 7.640058974743E+00  2.612359882334E-01
 7.681250000000E+00  2.523318196962E-01
 7.722441025257E+00  2.414840636014E-01
 7.763378094146E+00  2.289029346373E-01
 7.803808816024E+00  2.148201881927E-01
 7.843483922047E+00  1.994858190937E-01
 7.882158801992E+00  1.831645114612E-01
 7.919595012363E+00  1.661318890338E-01
 7.955561746476E+00  1.486706180629E-01
 7.989837257454E+00  1.310664169221E-01
 8.022210225373E+00  1.136040278618E-01
 8.052481060123E+00  9.656320685627E-02
 8.080463131940E+00  8.021478723272E-02
 8.105983922047E+00  6.481687174271E-02
 8.128886086286E+00  5.061120594750E-02
 8.149028425199E+00  3.781978326834E-02
 8.166286754568E+00  2.664172883321E-02
 8.180554671055E+00  1.725050537948E-02
 8.191744208209E+00  9.791479998656E-03
 8.199786378812E+00  4.379885500020E-03
 8.204631600210E+00  1.099204690810E-03
 8.206250000000E+00  0.000000000000E+00
*END
