*KEYWORD
*DEFINE_CURVE_TITLE
SYNTHETIC VTAIL Cp
$ LCID SIDR SFA SFO OFFA OFFO DATTYP
 1 0 1.0 1.0 0 0 0
$ ABSCISSA ORDINATE
 8.218750000000E+00  0.000000000000E+00
 8.217594000150E+00 -8.737268055157E-04
 8.214133127723E+00 -3.481447448734E-03
 8.208388720149E+00 -7.782971280983E-03
 8.200396193611E+00 -1.371194017343E-02
 8.190204824692E+00 -2.117675881615E-02
 8.177877446571E+00 -3.006187900816E-02
 8.163490061633E+00 -4.022942011212E-02
 8.147131372891E+00 -5.152110318010E-02
 8.128902237100E+00 -6.376047190293E-02
 8.108915042945E+00 -7.675536955242E-02
 8.087293018124E+00 -9.030063753117E-02
 8.064169469610E+00 -1.041809980663E-01
 8.039686961768E+00 -1.181740810243E-01
 8.013996437402E+00 -1.320535528217E-01
 7.987256287137E+00 -1.455923039820E-01
 7.959631372891E+00 -1.585656510745E-01
 7.931292011446E+00 -1.707545085635E-01
 7.902412924390E+00 -1.819484865066E-01
 7.873172160898E+00 -1.919488710678E-01
 7.843750000000E+00 -2.005714464251E-01
 7.814327839102E+00 -2.076491188512E-01
 7.785087075610E+00 -2.130343064752E-01
 7.756207988554E+00 -2.166010614533E-01
 7.727868627109E+00 -2.182468946962E-01
 7.700243712863E+00 -2.178942748762E-01
 7.673503562598E+00 -2.154917570310E-01
 7.647813038232E+00 -2.110145478961E-01
 7.623330530390E+00 -2.044633399761E-01
 7.600206981876E+00 -1.958548878761E-01
 7.578584957055E+00 -1.851734854298E-01
 7.558597762900E+00 -1.721651223168E-01
 7.540368627109E+00 -1.556271443650E-01
 7.524009938367E+00 -1.315040725749E-01
 7.509622553429E+00 -8.927450281215E-02
 7.497295175308E+00 -8.426456621954E-03
 7.487103806389E+00  1.381056437342E-01
 7.479111279851E+00  3.647395157199E-01
 7.473366872277E+00  6.426928118546E-01
 7.469905999850E+00  8.880244396418E-01
 7.468750000000E+00  1.000000000000E+00
 7.469905999850E+00  9.325001039787E-01
 7.473366872277E+00  7.311647799783E-01
 7.479111279851E+00  4.962555003801E-01
 7.487103806389E+00  3.112532098125E-01
 7.497295175308E+00  2.044990552013E-01
 7.509622553429E+00  1.611589726302E-01
 7.524009938367E+00  1.537814555448E-01
 7.540368627109E+00  1.615041577840E-01
 7.558597762900E+00  1.734955210433E-01
 7.578584957055E+00  1.854342228871E-01
 7.600206981876E+00  1.958995619229E-01
 7.623330530390E+00  2.044701025816E-01
 7.647813038232E+00  2.110154625773E-01
 7.673503562598E+00  2.154918688960E-01
 7.700243712863E+00  2.178942874021E-01
 7.727868627109E+00  2.182468959971E-01
 7.756207988554E+00  2.166010615803E-01
 7.785087075610E+00  2.130343064870E-01
 7.814327839102E+00  2.076491188523E-01
 7.843750000000E+00  2.005714464252E-01
 7.873172160898E+00  1.919488710678E-01
 7.902412924390E+00  1.819484865066E-01
 7.931292011446E+00  1.707545085635E-01
 7.959631372891E+00  1.585656510745E-01
 7.987256287137E+00  1.455923039820E-01
 8.013996437402E+00  1.320535528217E-01
 8.039686961768E+00  1.181740810243E-01
 8.064169469610E+00  1.041809980663E-01
 8.087293018124E+00  9.030063753117E-02
 8.108915042945E+00  7.675536955242E-02
 8.128902237100E+00  6.376047190293E-02
 8.147131372891E+00  5.152110318010E-02
 8.163490061633E+00  4.022942011212E-02
 8.177877446571E+00  3.006187900816E-02
 8.190204824692E+00  2.117675881615E-02
 8.200396193611E+00  1.371194017343E-02
 8.208388720149E+00  7.782971280983E-03
 8.214133127723E+00  3.481447448734E-03
 8.217594000150E+00  8.737268055157E-04
 8.218750000000E+00  0.000000000000E+00
*END
