*KEYWORD
*DEFINE_CURVE_TITLE
SYNTHETIC VTAIL Cp
$ LCID SIDR SFA SFO OFFA OFFO DATTYP
 1 0 1.0 1.0 0 0 0
$ ABSCISSA ORDINATE
 8.212500000000E+00  0.000000000000E+00
 8.211112800180E+00 -1.014650483825E-03
 8.206959753268E+00 -4.042971230787E-03
 8.200066464179E+00 -9.038289229529E-03
 8.190475432333E+00 -1.592354342721E-02
 8.178245789630E+00 -2.459236507681E-02
 8.163452935885E+00 -3.491056917077E-02
 8.146188073959E+00 -4.671803625924E-02
 8.126557647469E+00 -5.983095853173E-02
 8.104682684520E+00 -7.404441898405E-02
 8.080698051534E+00 -8.913526786732E-02
 8.054751621749E+00 -1.048652564878E-01
 8.027003363532E+00 -1.209843848511E-01
 7.997624354122E+00 -1.372344166734E-01
 7.966795724883E+00 -1.533525129543E-01
 7.934707544564E+00 -1.690749336565E-01
 7.901557647469E+00 -1.841407560865E-01
 7.867550413735E+00 -1.982955583318E-01
 7.832895509268E+00 -2.112950165883E-01
 7.797806593078E+00 -2.229083664013E-01
 7.762500000000E+00 -2.329216797195E-01
 7.727193406922E+00 -2.411409122144E-01
 7.692104490732E+00 -2.473946784883E-01
 7.657449586265E+00 -2.515367165366E-01
 7.623442352531E+00 -2.534480068489E-01
 7.590292455436E+00 -2.530385137696E-01
 7.558204275117E+00 -2.502485010574E-01
 7.527375645878E+00 -2.450492261601E-01
 7.497996636468E+00 -2.374418434082E-01
 7.470248378251E+00 -2.274479886663E-01
 7.444301948466E+00 -2.150612038424E-01
 7.420317315480E+00 -2.000409806523E-01
 7.398442352531E+00 -1.812022493770E-01
 7.378811926041E+00 -1.545109700039E-01
 7.361547064115E+00 -1.094707508317E-01
 7.346754210370E+00 -2.559786886577E-02
 7.334524567667E+00  1.241421303408E-01
 7.324933535821E+00  3.541333879248E-01
 7.318040246732E+00  6.355579757156E-01
 7.313887199820E+00  8.844376925179E-01
 7.312500000000E+00  1.000000000000E+00
 7.313887199820E+00  9.360868511026E-01
 7.318040246732E+00  7.382996161173E-01
 7.324933535821E+00  5.068616281753E-01
 7.334524567667E+00  3.252167232059E-01
 7.346754210370E+00  2.216704674451E-01
 7.361547064115E+00  1.813552206498E-01
 7.378811926041E+00  1.767883529738E-01
 7.398442352531E+00  1.870792627961E-01
 7.420317315480E+00  2.013713793788E-01
 7.444301948466E+00  2.153219412997E-01
 7.470248378251E+00  2.274926627131E-01
 7.497996636468E+00  2.374486060137E-01
 7.527375645878E+00  2.450501408413E-01
 7.558204275117E+00  2.502486129224E-01
 7.590292455436E+00  2.530385262955E-01
 7.623442352531E+00  2.534480081498E-01
 7.657449586265E+00  2.515367166636E-01
 7.692104490732E+00  2.473946785001E-01
 7.727193406922E+00  2.411409122155E-01
 7.762500000000E+00  2.329216797196E-01
 7.797806593078E+00  2.229083664013E-01
 7.832895509268E+00  2.112950165883E-01
 7.867550413735E+00  1.982955583318E-01
 7.901557647469E+00  1.841407560865E-01
 7.934707544564E+00  1.690749336565E-01
 7.966795724883E+00  1.533525129543E-01
 7.997624354122E+00  1.372344166734E-01
 8.027003363532E+00  1.209843848511E-01
 8.054751621749E+00  1.048652564878E-01
 8.080698051534E+00  8.913526786732E-02
 8.104682684520E+00  7.404441898405E-02
 8.126557647469E+00  5.983095853173E-02
 8.146188073959E+00  4.671803625924E-02
 8.163452935885E+00  3.491056917077E-02
 8.178245789630E+00  2.459236507681E-02
 8.190475432333E+00  1.592354342721E-02
 8.200066464179E+00  9.038289229529E-03
 8.206959753268E+00  4.042971230787E-03
 8.211112800180E+00  1.014650483825E-03
 8.212500000000E+00  0.000000000000E+00
*END
