*KEYWORD
*DEFINE_CURVE_TITLE
SYNTHETIC VTAIL Cp
$ LCID SIDR SFA SFO OFFA OFFO DATTYP
 1 0 1.0 1.0 0 0 0
$ ABSCISSA ORDINATE
 8.206250000000E+00  0.000000000000E+00
 8.204631600210E+00 -4.086786670960E-04
 8.199786378812E+00 -1.628418967956E-03
 8.191744208209E+00 -3.640422050782E-03
 8.180554671055E+00 -6.413649435961E-03
 8.166286754568E+00 -9.905258155939E-03
 8.149028425199E+00 -1.406120147156E-02
 8.128886086286E+00 -1.881698682664E-02
 8.105983922047E+00 -2.409858051972E-02
 8.080463131940E+00 -2.982344653524E-02
 8.052481060123E+00 -3.590170511323E-02
 8.022210225373E+00 -4.223739497425E-02
 7.989837257454E+00 -4.872982167615E-02
 7.955561746476E+00 -5.527497338235E-02
 7.919595012363E+00 -6.176698438436E-02
 7.882158801992E+00 -6.809962605608E-02
 7.843483922047E+00 -7.416780453485E-02
 7.803808816024E+00 -7.986904432807E-02
 7.763378094146E+00 -8.510493723696E-02
 7.722441025257E+00 -8.978253646717E-02
 7.681250000000E+00 -9.381567655367E-02
 7.640058974743E+00 -9.712620075271E-02
 7.599121905854E+00 -9.964507883202E-02
 7.558691183976E+00 -1.013133996782E-01
 7.519016077953E+00 -1.020832245924E-01
 7.480341198008E+00 -1.019182865280E-01
 7.442904987637E+00 -1.007945017440E-01
 7.406938253524E+00 -9.870010962496E-02
 7.372662742546E+00 -9.563427865024E-02
 7.340289774627E+00 -9.159765526832E-02
 7.310018939877E+00 -8.654401466803E-02
 7.282036868060E+00 -8.017478980965E-02
 7.256516077953E+00 -7.122929782531E-02
 7.233613913714E+00 -5.558131105921E-02
 7.213471574801E+00 -2.262688434764E-02
 7.196213245432E+00  4.823920378262E-02
 7.181945328945E+00  1.841852379324E-01
 7.170755791791E+00  3.997397374440E-01
 7.162713621188E+00  6.662377711133E-01
 7.157868399790E+00  8.998607051508E-01
 7.156250000000E+00  1.000000000000E+00
 7.157868399790E+00  9.206638384697E-01
 7.162713621188E+00  7.076198207195E-01
 7.170755791791E+00  4.612552786560E-01
 7.181945328945E+00  2.651736156142E-01
 7.196213245432E+00  1.478333947967E-01
 7.213471574801E+00  9.451135416573E-02
 7.233613913714E+00  7.785869402903E-02
 7.256516077953E+00  7.710631124438E-02
 7.282036868060E+00  8.150518853621E-02
 7.310018939877E+00  8.680475212532E-02
 7.340289774627E+00  9.164232931508E-02
 7.372662742546E+00  9.564104125577E-02
 7.406938253524E+00  9.870102430613E-02
 7.442904987637E+00  1.007946136090E-01
 7.480341198008E+00  1.019182990538E-01
 7.519016077953E+00  1.020832258933E-01
 7.558691183976E+00  1.013133998052E-01
 7.599121905854E+00  9.964507884383E-02
 7.640058974743E+00  9.712620075377E-02
 7.681250000000E+00  9.381567655376E-02
 7.722441025257E+00  8.978253646718E-02
 7.763378094146E+00  8.510493723696E-02
 7.803808816024E+00  7.986904432807E-02
 7.843483922047E+00  7.416780453485E-02
 7.882158801992E+00  6.809962605608E-02
 7.919595012363E+00  6.176698438436E-02
 7.955561746476E+00  5.527497338235E-02
 7.989837257454E+00  4.872982167615E-02
 8.022210225373E+00  4.223739497425E-02
 8.052481060123E+00  3.590170511323E-02
 8.080463131940E+00  2.982344653524E-02
 8.105983922047E+00  2.409858051972E-02
 8.128886086286E+00  1.881698682664E-02
 8.149028425199E+00  1.406120147156E-02
 8.166286754568E+00  9.905258155939E-03
 8.180554671055E+00  6.413649435961E-03
 8.191744208209E+00  3.640422050782E-03
 8.199786378812E+00  1.628418967956E-03
 8.204631600210E+00  4.086786670960E-04
 8.206250000000E+00  0.000000000000E+00
*END
