*KEYWORD
*DEFINE_CURVE_TITLE
SYNTHETIC VTAIL Cp
$ LCID SIDR SFA SFO OFFA OFFO DATTYP
 1 0 1.0 1.0 0 0 0
$ ABSCISSA ORDINATE
 8.200000000000E+00  0.000000000000E+00
 8.198150400240E+00 -5.203335814485E-04
 8.192613004357E+00 -2.073318579891E-03
 8.183421952239E+00 -4.635020117707E-03
 8.170633909777E+00 -8.165919706264E-03
 8.154327719507E+00 -1.261146927016E-02
 8.134603914513E+00 -1.790285598501E-02
 8.111584098612E+00 -2.395796731243E-02
 8.085410196625E+00 -3.068254283678E-02
 8.056243579360E+00 -3.797149691490E-02
 8.024264068712E+00 -4.571039377812E-02
 7.989668828998E+00 -5.377705460913E-02
 7.952671151375E+00 -6.204327428263E-02
 7.913499138830E+00 -7.037662393509E-02
 7.872394299844E+00 -7.864231433552E-02
 7.829610059419E+00 -8.670509418280E-02
 7.785410196625E+00 -9.443115696744E-02
 7.740067218314E+00 -1.016900299137E-01
 7.693860679024E+00 -1.083564187632E-01
 7.647075457437E+00 -1.143119827699E-01
 7.600000000000E+00 -1.194470152408E-01
 7.552924542563E+00 -1.236620062635E-01
 7.506139320976E+00 -1.268690658885E-01
 7.459932781686E+00 -1.289931879366E-01
 7.414589803375E+00 -1.299733365287E-01
 7.370389940581E+00 -1.297633373435E-01
 7.327605700156E+00 -1.283325373956E-01
 7.286500861170E+00 -1.256660470187E-01
 7.247328848625E+00 -1.217634006003E-01
 7.210331171002E+00 -1.166291120483E-01
 7.175735931288E+00 -1.102242838719E-01
 7.143756420640E+00 -1.022610467985E-01
 7.114589803375E+00 -9.149265025791E-02
 7.088415901388E+00 -7.380985286835E-02
 7.065396085487E+00 -3.862852700928E-02
 7.045672280493E+00  3.463416177407E-02
 7.029366090223E+00  1.731218388592E-01
 7.016578047761E+00  3.913364208063E-01
 7.007386995643E+00  6.605847855570E-01
 7.001849599760E+00  8.970188978142E-01
 7.000000000000E+00  1.000000000000E+00
 7.001849599760E+00  9.235056458063E-01
 7.007386995643E+00  7.132728062758E-01
 7.016578047761E+00  4.696585952938E-01
 7.029366090223E+00  2.762370146875E-01
 7.045672280493E+00  1.614384368053E-01
 7.065396085487E+00  1.105129968274E-01
 7.088415901388E+00  9.608723583817E-02
 7.114589803375E+00  9.736966367698E-02
 7.143756420640E+00  1.035914455251E-01
 7.175735931288E+00  1.104850213292E-01
 7.210331171002E+00  1.166737860950E-01
 7.247328848625E+00  1.217701632058E-01
 7.286500861170E+00  1.256669616999E-01
 7.327605700156E+00  1.283326492606E-01
 7.370389940581E+00  1.297633498694E-01
 7.414589803375E+00  1.299733378296E-01
 7.459932781686E+00  1.289931880636E-01
 7.506139320976E+00  1.268690659004E-01
 7.552924542563E+00  1.236620062646E-01
 7.600000000000E+00  1.194470152408E-01
 7.647075457437E+00  1.143119827699E-01
 7.693860679024E+00  1.083564187632E-01
 7.740067218314E+00  1.016900299137E-01
 7.785410196625E+00  9.443115696744E-02
 7.829610059419E+00  8.670509418280E-02
 7.872394299844E+00  7.864231433552E-02
 7.913499138830E+00  7.037662393509E-02
 7.952671151375E+00  6.204327428263E-02
 7.989668828998E+00  5.377705460913E-02
 8.024264068712E+00  4.571039377812E-02
 8.056243579360E+00  3.797149691490E-02
 8.085410196625E+00  3.068254283678E-02
 8.111584098612E+00  2.395796731243E-02
 8.134603914513E+00  1.790285598501E-02
 8.154327719507E+00  1.261146927016E-02
 8.170633909777E+00  8.165919706264E-03
 8.183421952239E+00  4.635020117707E-03
 8.192613004357E+00  2.073318579891E-03
 8.198150400240E+00  5.203335814485E-04
 8.200000000000E+00  0.000000000000E+00
*END
