*KEYWORD
*DEFINE_CURVE_TITLE
SYNTHETIC VTAIL Cp
$ LCID SIDR SFA SFO OFFA OFFO DATTYP
 1 0 1.0 1.0 0 0 0
$ ABSCISSA ORDINATE
 8.200000000000E+00  0.000000000000E+00
 8.198150400240E+00 -1.127389426472E-03
 8.192613004357E+00 -4.492190256430E-03
 8.183421952239E+00 -1.004254358837E-02
 8.170633909777E+00 -1.769282603024E-02
 8.154327719507E+00 -2.732485008535E-02
 8.134603914513E+00 -3.878952130086E-02
 8.111584098612E+00 -5.190892917693E-02
 8.085410196625E+00 -6.647884281303E-02
 8.056243579360E+00 -8.227157664894E-02
 8.024264068712E+00 -9.903918651925E-02
 7.989668828998E+00 -1.165169516531E-01
 7.952671151375E+00 -1.344270942790E-01
 7.913499138830E+00 -1.524826851927E-01
 7.872394299844E+00 -1.703916810603E-01
 7.829610059419E+00 -1.878610373961E-01
 7.785410196625E+00 -2.046008400961E-01
 7.740067218314E+00 -2.203283981464E-01
 7.693860679024E+00 -2.347722406537E-01
 7.647075457437E+00 -2.476759626681E-01
 7.600000000000E+00 -2.588018663550E-01
 7.552924542563E+00 -2.679343469050E-01
 7.506139320976E+00 -2.748829760987E-01
 7.459932781686E+00 -2.794852406033E-01
 7.414589803375E+00 -2.816088965711E-01
 7.370389940581E+00 -2.811539048844E-01
 7.327605700156E+00 -2.780538962785E-01
 7.286500861170E+00 -2.722769687713E-01
 7.247328848625E+00 -2.638246461538E-01
 7.210331171002E+00 -2.527224692985E-01
 7.175735931288E+00 -2.389713785725E-01
 7.143756420640E+00 -2.223416673207E-01
 7.114589803375E+00 -2.016623333866E-01
 7.088415901388E+00 -1.729164879472E-01
 7.065396085487E+00 -1.256277492473E-01
 7.045672280493E+00 -3.933499866081E-02
 7.029366090223E+00  1.129713196260E-01
 7.016578047761E+00  3.456484856886E-01
 7.007386995643E+00  6.298501068044E-01
 7.001849599760E+00  8.815682948187E-01
 7.000000000000E+00  1.000000000000E+00
 7.001849599760E+00  9.389562488017E-01
 7.007386995643E+00  7.440074850285E-01
 7.016578047761E+00  5.153465304114E-01
 7.029366090223E+00  3.363875339206E-01
 7.045672280493E+00  2.354075972402E-01
 7.065396085487E+00  1.975122190654E-01
 7.088415901388E+00  1.951938709170E-01
 7.114589803375E+00  2.075393468057E-01
 7.143756420640E+00  2.236720660472E-01
 7.175735931288E+00  2.392321160298E-01
 7.210331171002E+00  2.527671433453E-01
 7.247328848625E+00  2.638314087593E-01
 7.286500861170E+00  2.722778834524E-01
 7.327605700156E+00  2.780540081435E-01
 7.370389940581E+00  2.811539174102E-01
 7.414589803375E+00  2.816088978720E-01
 7.459932781686E+00  2.794852407303E-01
 7.506139320976E+00  2.748829761105E-01
 7.552924542563E+00  2.679343469060E-01
 7.600000000000E+00  2.588018663551E-01
 7.647075457437E+00  2.476759626681E-01
 7.693860679024E+00  2.347722406537E-01
 7.740067218314E+00  2.203283981464E-01
 7.785410196625E+00  2.046008400961E-01
 7.829610059419E+00  1.878610373961E-01
 7.872394299844E+00  1.703916810603E-01
 7.913499138830E+00  1.524826851927E-01
 7.952671151375E+00  1.344270942790E-01
 7.989668828998E+00  1.165169516531E-01
 8.024264068712E+00  9.903918651925E-02
 8.056243579360E+00  8.227157664894E-02
 8.085410196625E+00  6.647884281303E-02
 8.111584098612E+00  5.190892917693E-02
 8.134603914513E+00  3.878952130086E-02
 8.154327719507E+00  2.732485008535E-02
 8.170633909777E+00  1.769282603024E-02
 8.183421952239E+00  1.004254358837E-02
 8.192613004357E+00  4.492190256430E-03
 8.198150400240E+00  1.127389426472E-03
 8.200000000000E+00  0.000000000000E+00
*END
