*KEYWORD
*DEFINE_CURVE_TITLE
SYNTHETIC VTAIL Cp
$ LCID SIDR SFA SFO OFFA OFFO DATTYP
 1 0 1.0 1.0 0 0 0
$ ABSCISSA ORDINATE
 8.225000000000E+00  0.000000000000E+00
 8.224075200120E+00 -5.550224868784E-04
 8.221306502179E+00 -2.211539818550E-03
 8.216710976119E+00 -4.944021458888E-03
 8.210316954889E+00 -8.710314353348E-03
 8.202163859753E+00 -1.345223388817E-02
 8.192301957257E+00 -1.909637971735E-02
 8.180792049306E+00 -2.555516513326E-02
 8.167705098312E+00 -3.272804569257E-02
 8.153121789680E+00 -4.050293004256E-02
 8.137132034356E+00 -4.875775336332E-02
 8.119834414499E+00 -5.736219158307E-02
 8.101335575688E+00 -6.617949256814E-02
 8.081749569415E+00 -7.506839886410E-02
 8.061197149922E+00 -8.388513529123E-02
 8.039805029710E+00 -9.248543379499E-02
 8.017705098312E+00 -1.007265674319E-01
 7.995033609157E+00 -1.084693652413E-01
 7.971930339512E+00 -1.155801800141E-01
 7.948537728718E+00 -1.219327816212E-01
 7.925000000000E+00 -1.274101495901E-01
 7.901462271282E+00 -1.319061400145E-01
 7.878069660488E+00 -1.353270036148E-01
 7.854966390843E+00 -1.375927338032E-01
 7.832294901688E+00 -1.386382256740E-01
 7.810194970290E+00 -1.384142269173E-01
 7.788802850078E+00 -1.368880436175E-01
 7.768250430585E+00 -1.340438139760E-01
 7.748664424312E+00 -1.298811860605E-01
 7.730165585501E+00 -1.244058753197E-01
 7.712867965644E+00 -1.175812607119E-01
 7.696878210320E+00 -1.091227965427E-01
 7.682294901688E+00 -9.778806072241E-02
 7.669207950694E+00 -7.947308915857E-02
 7.657698042743E+00 -4.359991113717E-02
 7.647836140247E+00  3.040735260636E-02
 7.639683045111E+00  1.696846663316E-01
 7.633289023881E+00  3.887256816567E-01
 7.628693497821E+00  6.588285181997E-01
 7.625924799880E+00  8.961360062144E-01
 7.625000000000E+00  1.000000000000E+00
 7.625924799880E+00  9.243885374061E-01
 7.628693497821E+00  7.150290736331E-01
 7.633289023881E+00  4.722693344433E-01
 7.639683045111E+00  2.796741872151E-01
 7.647836140247E+00  1.656652459730E-01
 7.657698042743E+00  1.154843809553E-01
 7.669207950694E+00  1.017504721284E-01
 7.682294901688E+00  1.036650741415E-01
 7.696878210320E+00  1.104531952692E-01
 7.712867965644E+00  1.178419981692E-01
 7.730165585501E+00  1.244505493665E-01
 7.748664424312E+00  1.298879486660E-01
 7.768250430585E+00  1.340447286572E-01
 7.788802850078E+00  1.368881554825E-01
 7.810194970290E+00  1.384142394431E-01
 7.832294901688E+00  1.386382269749E-01
 7.854966390843E+00  1.375927339302E-01
 7.878069660488E+00  1.353270036266E-01
 7.901462271282E+00  1.319061400155E-01
 7.925000000000E+00  1.274101495902E-01
 7.948537728718E+00  1.219327816212E-01
 7.971930339512E+00  1.155801800141E-01
 7.995033609157E+00  1.084693652413E-01
 8.017705098312E+00  1.007265674319E-01
 8.039805029710E+00  9.248543379499E-02
 8.061197149922E+00  8.388513529123E-02
 8.081749569415E+00  7.506839886410E-02
 8.101335575688E+00  6.617949256814E-02
 8.119834414499E+00  5.736219158307E-02
 8.137132034356E+00  4.875775336332E-02
 8.153121789680E+00  4.050293004256E-02
 8.167705098312E+00  3.272804569257E-02
 8.180792049306E+00  2.555516513326E-02
 8.192301957257E+00  1.909637971735E-02
 8.202163859753E+00  1.345223388817E-02
 8.210316954889E+00  8.710314353348E-03
 8.216710976119E+00  4.944021458888E-03
 8.221306502179E+00  2.211539818550E-03
 8.224075200120E+00  5.550224868784E-04
 8.225000000000E+00  0.000000000000E+00
*END
