*KEYWORD
*DEFINE_CURVE_TITLE
SYNTHETIC VTAIL Cp
$ LCID SIDR SFA SFO OFFA OFFO DATTYP
 1 0 1.0 1.0 0 0 0
$ ABSCISSA ORDINATE
 8.225000000000E+00  0.000000000000E+00
 8.224075200120E+00 -6.764336558831E-04
 8.221306502179E+00 -2.695314153858E-03
 8.216710976119E+00 -6.025526153019E-03
 8.210316954889E+00 -1.061569561814E-02
 8.202163859753E+00 -1.639491005121E-02
 8.192301957257E+00 -2.327371278051E-02
 8.180792049306E+00 -3.114535750616E-02
 8.167705098312E+00 -3.988730568782E-02
 8.153121789680E+00 -4.936294598937E-02
 8.137132034356E+00 -5.942351191155E-02
 8.119834414499E+00 -6.991017099187E-02
 8.101335575688E+00 -8.065625656742E-02
 8.081749569415E+00 -9.148961111562E-02
 8.061197149922E+00 -1.022350086362E-01
 8.039805029710E+00 -1.127166224376E-01
 8.017705098312E+00 -1.227605040577E-01
 7.995033609157E+00 -1.321970388878E-01
 7.971930339512E+00 -1.408633443922E-01
 7.948537728718E+00 -1.486055776008E-01
 7.925000000000E+00 -1.552811198130E-01
 7.901462271282E+00 -1.607606081428E-01
 7.878069660488E+00 -1.649297856569E-01
 7.854966390843E+00 -1.676911443366E-01
 7.832294901688E+00 -1.689653376825E-01
 7.810194970290E+00 -1.686923404254E-01
 7.788802850078E+00 -1.668323153941E-01
 7.768250430585E+00 -1.633659983265E-01
 7.748664424312E+00 -1.582934351712E-01
 7.730165585501E+00 -1.516245467698E-01
 7.712867965644E+00 -1.433306796521E-01
 7.696878210320E+00 -1.331389206471E-01
 7.682294901688E+00 -1.198219973481E-01
 7.669207950694E+00 -9.929441617433E-02
 7.657698042743E+00 -6.099975558478E-02
 7.647836140247E+00  1.561352051938E-02
 7.639683045111E+00  1.576545624849E-01
 7.633289023881E+00  3.795880946332E-01
 7.628693497821E+00  6.526815824492E-01
 7.625924799880E+00  8.930458856153E-01
 7.625000000000E+00  1.000000000000E+00
 7.625924799880E+00  9.274786580051E-01
 7.628693497821E+00  7.211760093837E-01
 7.633289023881E+00  4.814069214669E-01
 7.639683045111E+00  2.917042910617E-01
 7.647836140247E+00  1.804590780600E-01
 7.657698042743E+00  1.328842254029E-01
 7.669207950694E+00  1.215717991441E-01
 7.682294901688E+00  1.256990107672E-01
 7.696878210320E+00  1.344693193736E-01
 7.712867965644E+00  1.435914171093E-01
 7.730165585501E+00  1.516692208165E-01
 7.748664424312E+00  1.583001977767E-01
 7.768250430585E+00  1.633669130077E-01
 7.788802850078E+00  1.668324272591E-01
 7.810194970290E+00  1.686923529513E-01
 7.832294901688E+00  1.689653389834E-01
 7.854966390843E+00  1.676911444636E-01
 7.878069660488E+00  1.649297856687E-01
 7.901462271282E+00  1.607606081438E-01
 7.925000000000E+00  1.552811198131E-01
 7.948537728718E+00  1.486055776009E-01
 7.971930339512E+00  1.408633443922E-01
 7.995033609157E+00  1.321970388878E-01
 8.017705098312E+00  1.227605040577E-01
 8.039805029710E+00  1.127166224376E-01
 8.061197149922E+00  1.022350086362E-01
 8.081749569415E+00  9.148961111562E-02
 8.101335575688E+00  8.065625656742E-02
 8.119834414499E+00  6.991017099187E-02
 8.137132034356E+00  5.942351191155E-02
 8.153121789680E+00  4.936294598937E-02
 8.167705098312E+00  3.988730568782E-02
 8.180792049306E+00  3.114535750616E-02
 8.192301957257E+00  2.327371278051E-02
 8.202163859753E+00  1.639491005121E-02
 8.210316954889E+00  1.061569561814E-02
 8.216710976119E+00  6.025526153019E-03
 8.221306502179E+00  2.695314153858E-03
 8.224075200120E+00  6.764336558831E-04
 8.225000000000E+00  0.000000000000E+00
*END
