*KEYWORD
*DEFINE_CURVE_TITLE
SYNTHETIC VTAIL Cp
$ LCID SIDR SFA SFO OFFA OFFO DATTYP
 1 0 1.0 1.0 0 0 0
$ ABSCISSA ORDINATE
 8.200000000000E+00  0.000000000000E+00
 8.198150400240E+00 -9.250374781307E-04
 8.192613004357E+00 -3.685899697584E-03
 8.183421952239E+00 -8.240035764813E-03
 8.170633909777E+00 -1.451719058891E-02
 8.154327719507E+00 -2.242038981362E-02
 8.134603914513E+00 -3.182729952891E-02
 8.111584098612E+00 -4.259194188876E-02
 8.085410196625E+00 -5.454674282095E-02
 8.056243579360E+00 -6.750488340426E-02
 8.024264068712E+00 -8.126292227220E-02
 7.989668828998E+00 -9.560365263845E-02
 7.952671151375E+00 -1.102991542802E-01
 7.913499138830E+00 -1.251139981068E-01
 7.872394299844E+00 -1.398085588187E-01
 7.829610059419E+00 -1.541423896583E-01
 7.785410196625E+00 -1.678776123866E-01
 7.740067218314E+00 -1.807822754022E-01
 7.693860679024E+00 -1.926336333569E-01
 7.647075457437E+00 -2.032213027020E-01
 7.600000000000E+00 -2.123502493169E-01
 7.552924542563E+00 -2.198435666911E-01
 7.506139320976E+00 -2.255450060287E-01
 7.459932781686E+00 -2.293212230477E-01
 7.414589803375E+00 -2.310637098903E-01
 7.370389940581E+00 -2.306903823707E-01
 7.327605700156E+00 -2.281467766509E-01
 7.286500861170E+00 -2.234066615204E-01
 7.247328848625E+00 -2.164708976360E-01
 7.210331171002E+00 -2.073580168818E-01
 7.175735931288E+00 -1.960556803390E-01
 7.143756420640E+00 -1.823147938133E-01
 7.114589803375E+00 -1.649391056770E-01
 7.088415901388E+00 -1.398809429209E-01
 7.065396085487E+00 -9.662800850131E-02
 7.045672280493E+00 -1.467861184919E-02
 7.029366090223E+00  1.330214927038E-01
 7.016578047761E+00  3.608777973945E-01
 7.007386995643E+00  6.400949997219E-01
 7.001849599760E+00  8.867184958172E-01
 7.000000000000E+00  1.000000000000E+00
 7.001849599760E+00  9.338060478033E-01
 7.007386995643E+00  7.337625921109E-01
 7.016578047761E+00  5.001172187055E-01
 7.029366090223E+00  3.163373608429E-01
 7.045672280493E+00  2.107512104285E-01
 7.065396085487E+00  1.685124783194E-01
 7.088415901388E+00  1.621583258907E-01
 7.114589803375E+00  1.708161190961E-01
 7.143756420640E+00  1.836451925399E-01
 7.175735931288E+00  1.963164177963E-01
 7.210331171002E+00  2.074026909285E-01
 7.247328848625E+00  2.164776602415E-01
 7.286500861170E+00  2.234075762016E-01
 7.327605700156E+00  2.281468885158E-01
 7.370389940581E+00  2.306903948966E-01
 7.414589803375E+00  2.310637111912E-01
 7.459932781686E+00  2.293212231747E-01
 7.506139320976E+00  2.255450060405E-01
 7.552924542563E+00  2.198435666922E-01
 7.600000000000E+00  2.123502493170E-01
 7.647075457437E+00  2.032213027020E-01
 7.693860679024E+00  1.926336333569E-01
 7.740067218314E+00  1.807822754022E-01
 7.785410196625E+00  1.678776123866E-01
 7.829610059419E+00  1.541423896583E-01
 7.872394299844E+00  1.398085588187E-01
 7.913499138830E+00  1.251139981068E-01
 7.952671151375E+00  1.102991542802E-01
 7.989668828998E+00  9.560365263845E-02
 8.024264068712E+00  8.126292227220E-02
 8.056243579360E+00  6.750488340426E-02
 8.085410196625E+00  5.454674282095E-02
 8.111584098612E+00  4.259194188876E-02
 8.134603914513E+00  3.182729952891E-02
 8.154327719507E+00  2.242038981362E-02
 8.170633909777E+00  1.451719058891E-02
 8.183421952239E+00  8.240035764813E-03
 8.192613004357E+00  3.685899697584E-03
 8.198150400240E+00  9.250374781307E-04
 8.200000000000E+00  0.000000000000E+00
*END
