*KEYWORD
*DEFINE_CURVE_TITLE
SYNTHETIC VTAIL Cp
$ LCID SIDR SFA SFO OFFA OFFO DATTYP
 1 0 1.0 1.0 0 0 0
$ ABSCISSA ORDINATE
 8.212500000000E+00  0.000000000000E+00
 8.211112800180E+00 -3.772418465502E-04
 8.206959753268E+00 -1.503155970421E-03
 8.200066464179E+00 -3.360389585338E-03
 8.190475432333E+00 -5.920291787041E-03
 8.178245789630E+00 -9.143315220867E-03
 8.163452935885E+00 -1.297957058913E-02
 8.146188073959E+00 -1.736952630151E-02
 8.126557647469E+00 -2.224484355667E-02
 8.104682684520E+00 -2.752933526330E-02
 8.080698051534E+00 -3.314003548913E-02
 8.054751621749E+00 -3.898836459162E-02
 8.027003363532E+00 -4.498137385491E-02
 7.997624354122E+00 -5.102305235294E-02
 7.966795724883E+00 -5.701567789326E-02
 7.934707544564E+00 -6.286119328253E-02
 7.901557647469E+00 -6.846258880140E-02
 7.867550413735E+00 -7.372527168745E-02
 7.832895509268E+00 -7.855840360335E-02
 7.797806593078E+00 -8.287618750816E-02
 7.762500000000E+00 -8.659908604953E-02
 7.727193406922E+00 -8.965495454092E-02
 7.692104490732E+00 -9.198007276756E-02
 7.657449586265E+00 -9.352006123654E-02
 7.623442352531E+00 -9.423066880445E-02
 7.590292455436E+00 -9.407841785174E-02
 7.558204275117E+00 -9.304107423041E-02
 7.527375645878E+00 -9.110775831992E-02
 7.497996636468E+00 -8.827753557694E-02
 7.470248378251E+00 -8.454996355357E-02
 7.444301948466E+00 -7.987675440675E-02
 7.420317315480E+00 -7.395632910404E-02
 7.398442352531E+00 -6.552408209186E-02
 7.378811926041E+00 -5.044900317121E-02
 7.361547064115E+00 -1.812156748174E-02
 7.346754210370E+00  5.206974959086E-02
 7.334524567667E+00  1.873001755356E-01
 7.324933535821E+00  4.021057197983E-01
 7.318040246732E+00  6.678293884059E-01
 7.313887199820E+00  9.006608256631E-01
 7.312500000000E+00  1.000000000000E+00
 7.313887199820E+00  9.198637179574E-01
 7.318040246732E+00  7.060282034270E-01
 7.324933535821E+00  4.588892963017E-01
 7.334524567667E+00  2.620586780111E-01
 7.346754210370E+00  1.440028489885E-01
 7.361547064115E+00  9.000603729984E-02
 7.378811926041E+00  7.272638614102E-02
 7.398442352531E+00  7.140109551093E-02
 7.420317315480E+00  7.528672783060E-02
 7.444301948466E+00  8.013749186404E-02
 7.470248378251E+00  8.459463760033E-02
 7.497996636468E+00  8.828429818246E-02
 7.527375645878E+00  9.110867300109E-02
 7.558204275117E+00  9.304118609539E-02
 7.590292455436E+00  9.407843037760E-02
 7.623442352531E+00  9.423067010534E-02
 7.657449586265E+00  9.352006136354E-02
 7.692104490732E+00  9.198007277938E-02
 7.727193406922E+00  8.965495454198E-02
 7.762500000000E+00  8.659908604963E-02
 7.797806593078E+00  8.287618750817E-02
 7.832895509268E+00  7.855840360335E-02
 7.867550413735E+00  7.372527168745E-02
 7.901557647469E+00  6.846258880140E-02
 7.934707544564E+00  6.286119328253E-02
 7.966795724883E+00  5.701567789326E-02
 7.997624354122E+00  5.102305235294E-02
 8.027003363532E+00  4.498137385491E-02
 8.054751621749E+00  3.898836459162E-02
 8.080698051534E+00  3.314003548913E-02
 8.104682684520E+00  2.752933526330E-02
 8.126557647469E+00  2.224484355667E-02
 8.146188073959E+00  1.736952630151E-02
 8.163452935885E+00  1.297957058913E-02
 8.178245789630E+00  9.143315220867E-03
 8.190475432333E+00  5.920291787041E-03
 8.200066464179E+00  3.360389585338E-03
 8.206959753268E+00  1.503155970421E-03
 8.211112800180E+00  3.772418465502E-04
 8.212500000000E+00  0.000000000000E+00
*END
