*KEYWORD
*DEFINE_CURVE_TITLE
SYNTHETIC VTAIL Cp
$ LCID SIDR SFA SFO OFFA OFFO DATTYP
 1 0 1.0 1.0 0 0 0
$ ABSCISSA ORDINATE
 8.206250000000E+00  0.000000000000E+00
 8.204631600210E+00 -5.073252419123E-04
 8.199786378812E+00 -2.021485615394E-03
 8.191744208209E+00 -4.519144614764E-03
 8.180554671055E+00 -7.961771713607E-03
 8.166286754568E+00 -1.229618253841E-02
 8.149028425199E+00 -1.745528458539E-02
 8.128886086286E+00 -2.335901812962E-02
 8.105983922047E+00 -2.991547926586E-02
 8.080463131940E+00 -3.702220949202E-02
 8.052481060123E+00 -4.456763393366E-02
 8.022210225373E+00 -5.243262824390E-02
 7.989837257454E+00 -6.049219242557E-02
 7.955561746476E+00 -6.861720833672E-02
 7.919595012363E+00 -7.667625647714E-02
 7.882158801992E+00 -8.453746682823E-02
 7.843483922047E+00 -9.207037804326E-02
 7.803808816024E+00 -9.914777916588E-02
 7.763378094146E+00 -1.056475082942E-01
 7.722441025257E+00 -1.114541832006E-01
 7.681250000000E+00 -1.164608398597E-01
 7.640058974743E+00 -1.205704561069E-01
 7.599121905854E+00 -1.236973392412E-01
 7.558691183976E+00 -1.257683582365E-01
 7.519016077953E+00 -1.267240030992E-01
 7.480341198008E+00 -1.265192537534E-01
 7.442904987637E+00 -1.251242225624E-01
 7.406938253524E+00 -1.225243844097E-01
 7.372662742546E+00 -1.187192310527E-01
 7.340289774627E+00 -1.137128258215E-01
 7.310018939877E+00 -1.074654175569E-01
 7.282036868060E+00 -9.968789064450E-02
 7.256516077953E+00 -8.913187133372E-02
 7.233613913714E+00 -7.168613925952E-02
 7.213471574801E+00 -3.676425796132E-02
 7.196213245432E+00  3.621921521196E-02
 7.181945328945E+00  1.744107785570E-01
 7.170755791791E+00  3.923154479874E-01
 7.162713621188E+00  6.612433858160E-01
 7.157868399790E+00  8.973499821641E-01
 7.156250000000E+00  1.000000000000E+00
 7.157868399790E+00  9.231745614564E-01
 7.162713621188E+00  7.126142060168E-01
 7.170755791791E+00  4.686795681127E-01
 7.181945328945E+00  2.749480749896E-01
 7.196213245432E+00  1.598533833674E-01
 7.213471574801E+00  1.086487277794E-01
 7.233613913714E+00  9.396352222934E-02
 7.256516077953E+00  9.500888475279E-02
 7.282036868060E+00  1.010182893711E-01
 7.310018939877E+00  1.077261550142E-01
 7.340289774627E+00  1.137574998682E-01
 7.372662742546E+00  1.187259936582E-01
 7.406938253524E+00  1.225252990909E-01
 7.442904987637E+00  1.251243344274E-01
 7.480341198008E+00  1.265192662792E-01
 7.519016077953E+00  1.267240044001E-01
 7.558691183976E+00  1.257683583636E-01
 7.599121905854E+00  1.236973392530E-01
 7.640058974743E+00  1.205704561080E-01
 7.681250000000E+00  1.164608398598E-01
 7.722441025257E+00  1.114541832006E-01
 7.763378094146E+00  1.056475082942E-01
 7.803808816024E+00  9.914777916588E-02
 7.843483922047E+00  9.207037804326E-02
 7.882158801992E+00  8.453746682823E-02
 7.919595012363E+00  7.667625647714E-02
 7.955561746476E+00  6.861720833672E-02
 7.989837257454E+00  6.049219242557E-02
 8.022210225373E+00  5.243262824390E-02
 8.052481060123E+00  4.456763393366E-02
 8.080463131940E+00  3.702220949202E-02
 8.105983922047E+00  2.991547926586E-02
 8.128886086286E+00  2.335901812962E-02
 8.149028425199E+00  1.745528458539E-02
 8.166286754568E+00  1.229618253841E-02
 8.180554671055E+00  7.961771713607E-03
 8.191744208209E+00  4.519144614764E-03
 8.199786378812E+00  2.021485615394E-03
 8.204631600210E+00  5.073252419123E-04
 8.206250000000E+00  0.000000000000E+00
*END
