*KEYWORD
*DEFINE_CURVE_TITLE
SYNTHETIC VTAIL Cp
$ LCID SIDR SFA SFO OFFA OFFO DATTYP
 1 0 1.0 1.0 0 0 0
$ ABSCISSA ORDINATE
 8.225000000000E+00  0.000000000000E+00
 8.224075200120E+00 -2.514945643668E-04
 8.221306502179E+00 -1.002103980281E-03
 8.216710976119E+00 -2.240259723558E-03
 8.210316954889E+00 -3.946861191361E-03
 8.202163859753E+00 -6.095543480578E-03
 8.192301957257E+00 -8.653047059422E-03
 8.180792049306E+00 -1.157968420101E-02
 8.167705098312E+00 -1.482989570445E-02
 8.153121789680E+00 -1.835289017553E-02
 8.137132034356E+00 -2.209335699276E-02
 8.119834414499E+00 -2.599224306108E-02
 8.101335575688E+00 -2.998758256994E-02
 8.081749569415E+00 -3.401536823529E-02
 8.061197149922E+00 -3.801045192884E-02
 8.039805029710E+00 -4.190746218836E-02
 8.017705098312E+00 -4.564172586760E-02
 7.995033609157E+00 -4.915018112497E-02
 7.971930339512E+00 -5.237226906890E-02
 7.948537728718E+00 -5.525079167211E-02
 7.925000000000E+00 -5.773272403301E-02
 7.901462271282E+00 -5.976996969377E-02
 7.878069660488E+00 -6.132004850974E-02
 7.854966390843E+00 -6.234670746986E-02
 7.832294901688E+00 -6.282044565282E-02
 7.810194970290E+00 -6.271894314685E-02
 7.788802850078E+00 -6.202736417611E-02
 7.768250430585E+00 -6.073835309975E-02
 7.748664424312E+00 -5.885056328370E-02
 7.730165585501E+00 -5.635919669459E-02
 7.712867965644E+00 -5.320771336161E-02
 7.696878210320E+00 -4.908248628160E-02
 7.682294901688E+00 -4.270321915806E-02
 7.669207950694E+00 -2.991977161917E-02
 7.657698042743E+00 -1.003000181450E-04
 7.647836140247E+00  6.739193282380E-02
 7.639683045111E+00  1.997599259482E-01
 7.633289023881E+00  4.115696492156E-01
 7.628693497821E+00  6.741958575760E-01
 7.625924799880E+00  9.038613077121E-01
 7.625000000000E+00  1.000000000000E+00
 7.625924799880E+00  9.166632359083E-01
 7.628693497821E+00  6.996617342568E-01
 7.633289023881E+00  4.494253668845E-01
 7.639683045111E+00  2.495989275985E-01
 7.647836140247E+00  1.286806657556E-01
 7.657698042743E+00  7.198476983624E-02
 7.669207950694E+00  5.219715458898E-02
 7.682294901688E+00  4.858023257713E-02
 7.696878210320E+00  5.041288500816E-02
 7.712867965644E+00  5.346845081891E-02
 7.730165585501E+00  5.640387074135E-02
 7.748664424312E+00  5.885732588923E-02
 7.768250430585E+00  6.073926778092E-02
 7.788802850078E+00  6.202747604109E-02
 7.810194970290E+00  6.271895567271E-02
 7.832294901688E+00  6.282044695371E-02
 7.854966390843E+00  6.234670759686E-02
 7.878069660488E+00  6.132004852156E-02
 7.901462271282E+00  5.976996969483E-02
 7.925000000000E+00  5.773272403310E-02
 7.948537728718E+00  5.525079167211E-02
 7.971930339512E+00  5.237226906890E-02
 7.995033609157E+00  4.915018112497E-02
 8.017705098312E+00  4.564172586760E-02
 8.039805029710E+00  4.190746218836E-02
 8.061197149922E+00  3.801045192884E-02
 8.081749569415E+00  3.401536823529E-02
 8.101335575688E+00  2.998758256994E-02
 8.119834414499E+00  2.599224306108E-02
 8.137132034356E+00  2.209335699276E-02
 8.153121789680E+00  1.835289017553E-02
 8.167705098312E+00  1.482989570445E-02
 8.180792049306E+00  1.157968420101E-02
 8.192301957257E+00  8.653047059422E-03
 8.202163859753E+00  6.095543480578E-03
 8.210316954889E+00  3.946861191361E-03
 8.216710976119E+00  2.240259723558E-03
 8.221306502179E+00  1.002103980281E-03
 8.224075200120E+00  2.514945643668E-04
 8.225000000000E+00  0.000000000000E+00
*END
