*KEYWORD
*DEFINE_CURVE_TITLE
SYNTHETIC VTAIL Cp
$ LCID SIDR SFA SFO OFFA OFFO DATTYP
 1 0 1.0 1.0 0 0 0
$ ABSCISSA ORDINATE
 8.218750000000E+00  0.000000000000E+00
 8.217594000150E+00 -3.248471456404E-04
 8.214133127723E+00 -1.294384307862E-03
 8.208388720149E+00 -2.893668809596E-03
 8.200396193611E+00 -5.098029038841E-03
 8.190204824692E+00 -7.873410329080E-03
 8.177877446571E+00 -1.117685245175E-02
 8.163490061633E+00 -1.495709209297E-02
 8.147131372891E+00 -1.915528195158E-02
 8.128902237100E+00 -2.370581647673E-02
 8.108915042945E+00 -2.853725278231E-02
 8.087293018124E+00 -3.357331395389E-02
 8.064169469610E+00 -3.873396081951E-02
 8.039686961768E+00 -4.393651730392E-02
 8.013996437402E+00 -4.909683374141E-02
 7.987256287137E+00 -5.413047199329E-02
 7.959631372891E+00 -5.895389591231E-02
 7.931292011446E+00 -6.348565061975E-02
 7.902412924390E+00 -6.764751421399E-02
 7.873172160898E+00 -7.136560590980E-02
 7.843750000000E+00 -7.457143520931E-02
 7.814327839102E+00 -7.720287752127E-02
 7.785087075610E+00 -7.920506266014E-02
 7.756207988554E+00 -8.053116383375E-02
 7.727868627109E+00 -8.114307582460E-02
 7.700243712863E+00 -8.101197005804E-02
 7.673503562598E+00 -8.011869504111E-02
 7.647813038232E+00 -7.845383947818E-02
 7.623330530390E+00 -7.601629712142E-02
 7.600206981876E+00 -7.280381069566E-02
 7.578584957055E+00 -6.876465397127E-02
 7.558597762900E+00 -6.359222792803E-02
 7.540368627109E+00 -5.601538920278E-02
 7.524009938367E+00 -4.189515669119E-02
 7.509622553429E+00 -1.061270603858E-02
 7.497295175308E+00  5.845399260458E-02
 7.487103806389E+00  1.924917382075E-01
 7.479111279851E+00  4.060490237222E-01
 7.473366872277E+00  6.704820838934E-01
 7.469905999850E+00  9.019943598502E-01
 7.468750000000E+00  1.000000000000E+00
 7.469905999850E+00  9.185301837703E-01
 7.473366872277E+00  7.033755079394E-01
 7.479111279851E+00  4.549459923779E-01
 7.487103806389E+00  2.568671153392E-01
 7.497295175308E+00  1.376186059748E-01
 7.509622553429E+00  8.249717585667E-02
 7.524009938367E+00  6.417253966100E-02
 7.540368627109E+00  6.189240262185E-02
 7.558597762900E+00  6.492262665458E-02
 7.578584957055E+00  6.902539142857E-02
 7.600206981876E+00  7.284848474242E-02
 7.623330530390E+00  7.602305972695E-02
 7.647813038232E+00  7.845475415935E-02
 7.673503562598E+00  8.011880690610E-02
 7.700243712863E+00  8.101198258389E-02
 7.727868627109E+00  8.114307712550E-02
 7.756207988554E+00  8.053116396075E-02
 7.785087075610E+00  7.920506267195E-02
 7.814327839102E+00  7.720287752234E-02
 7.843750000000E+00  7.457143520941E-02
 7.873172160898E+00  7.136560590981E-02
 7.902412924390E+00  6.764751421399E-02
 7.931292011446E+00  6.348565061975E-02
 7.959631372891E+00  5.895389591231E-02
 7.987256287137E+00  5.413047199329E-02
 8.013996437402E+00  4.909683374141E-02
 8.039686961768E+00  4.393651730392E-02
 8.064169469610E+00  3.873396081951E-02
 8.087293018124E+00  3.357331395389E-02
 8.108915042945E+00  2.853725278231E-02
 8.128902237100E+00  2.370581647673E-02
 8.147131372891E+00  1.915528195158E-02
 8.163490061633E+00  1.495709209297E-02
 8.177877446571E+00  1.117685245175E-02
 8.190204824692E+00  7.873410329080E-03
 8.200396193611E+00  5.098029038841E-03
 8.208388720149E+00  2.893668809596E-03
 8.214133127723E+00  1.294384307862E-03
 8.217594000150E+00  3.248471456404E-04
 8.218750000000E+00  0.000000000000E+00
*END
