*KEYWORD
*DEFINE_CURVE_TITLE
SYNTHETIC VTAIL local section geometry
$ LCID SIDR SFA SFO OFFA OFFO DATTYP
 1 0 1.0 1.0 0 0 0
$ ABSCISSA ORDINATE
 8.212500000000E+00 -1.249000902703E-17
 8.211112800180E+00  1.678564769680E-04
 8.206959753268E+00  6.683897577770E-04
 8.200066464179E+00  1.492623127006E-03
 8.190475432333E+00  2.626021694588E-03
 8.178245789630E+00  4.049088385259E-03
 8.163452935885E+00  5.738116235311E-03
 8.146188073959E+00  7.666025681870E-03
 8.126557647469E+00  9.803209265931E-03
 8.104682684520E+00  1.211830839304E-02
 8.080698051534E+00  1.457885733013E-02
 8.054751621749E+00  1.715174739672E-02
 8.027003363532E+00  1.980348747918E-02
 7.997624354122E+00  2.250026309846E-02
 7.966795724883E+00  2.520782248392E-02
 7.934707544564E+00  2.789124156976E-02
 7.901557647469E+00  3.051463789120E-02
 7.867550413735E+00  3.304091388285E-02
 7.832895509268E+00  3.543161167892E-02
 7.797806593078E+00  3.764695369388E-02
 7.762500000000E+00  3.964612650043E-02
 7.727193406922E+00  4.138784123895E-02
 7.692104490732E+00  4.283117422835E-02
 7.657449586265E+00  4.393665945153E-02
 7.623442352531E+00  4.466757335122E-02
 7.590292455436E+00  4.499132511095E-02
 7.558204275117E+00  4.488084524231E-02
 7.527375645878E+00  4.431585419486E-02
 7.497996636468E+00  4.328389236281E-02
 7.470248378251E+00  4.178100379735E-02
 7.444301948466E+00  3.981198759218E-02
 7.420317315480E+00  3.739016169441E-02
 7.398442352531E+00  3.453662130073E-02
 7.378811926041E+00  3.127901483002E-02
 7.361547064115E+00  2.764990112224E-02
 7.346754210370E+00  2.368478832953E-02
 7.334524567667E+00  1.941998454222E-02
 7.324933535821E+00  1.489040972586E-02
 7.318040246732E+00  1.012752609056E-02
 7.313887199820E+00  5.157538679536E-03
 7.312500000000E+00  0.000000000000E+00
 7.313887199820E+00 -5.157538679536E-03
 7.318040246732E+00 -1.012752609056E-02
 7.324933535821E+00 -1.489040972586E-02
 7.334524567667E+00 -1.941998454222E-02
 7.346754210370E+00 -2.368478832953E-02
 7.361547064115E+00 -2.764990112224E-02
 7.378811926041E+00 -3.127901483002E-02
 7.398442352531E+00 -3.453662130073E-02
 7.420317315480E+00 -3.739016169441E-02
 7.444301948466E+00 -3.981198759218E-02
 7.470248378251E+00 -4.178100379735E-02
 7.497996636468E+00 -4.328389236281E-02
 7.527375645878E+00 -4.431585419486E-02
 7.558204275117E+00 -4.488084524231E-02
 7.590292455436E+00 -4.499132511095E-02
 7.623442352531E+00 -4.466757335122E-02
 7.657449586265E+00 -4.393665945153E-02
 7.692104490732E+00 -4.283117422835E-02
 7.727193406922E+00 -4.138784123895E-02
 7.762500000000E+00 -3.964612650043E-02
 7.797806593078E+00 -3.764695369388E-02
 7.832895509268E+00 -3.543161167892E-02
 7.867550413735E+00 -3.304091388285E-02
 7.901557647469E+00 -3.051463789120E-02
 7.934707544564E+00 -2.789124156976E-02
 7.966795724883E+00 -2.520782248392E-02
 7.997624354122E+00 -2.250026309846E-02
 8.027003363532E+00 -1.980348747918E-02
 8.054751621749E+00 -1.715174739672E-02
 8.080698051534E+00 -1.457885733013E-02
 8.104682684520E+00 -1.211830839304E-02
 8.126557647469E+00 -9.803209265931E-03
 8.146188073959E+00 -7.666025681870E-03
 8.163452935885E+00 -5.738116235311E-03
 8.178245789630E+00 -4.049088385259E-03
 8.190475432333E+00 -2.626021694588E-03
 8.200066464179E+00 -1.492623127006E-03
 8.206959753268E+00 -6.683897577770E-04
 8.211112800180E+00 -1.678564769680E-04
 8.212500000000E+00  1.249000902703E-17
*END
