*KEYWORD
*DEFINE_CURVE_TITLE
SYNTHETIC VTAIL local section geometry
$ LCID SIDR SFA SFO OFFA OFFO DATTYP
 1 0 1.0 1.0 0 0 0
$ ABSCISSA ORDINATE
 8.225000000000E+00 -8.326672684689E-18
 8.224075200120E+00  1.119043179787E-04
 8.221306502179E+00  4.455931718513E-04
 8.216710976119E+00  9.950820846709E-04
 8.210316954889E+00  1.750681129725E-03
 8.202163859753E+00  2.699392256840E-03
 8.192301957257E+00  3.825410823541E-03
 8.180792049306E+00  5.110683787913E-03
 8.167705098312E+00  6.535472843954E-03
 8.153121789680E+00  8.078872262030E-03
 8.137132034356E+00  9.719238220085E-03
 8.119834414499E+00  1.143449826448E-02
 8.101335575688E+00  1.320232498612E-02
 8.081749569415E+00  1.500017539897E-02
 8.061197149922E+00  1.680521498928E-02
 8.039805029710E+00  1.859416104651E-02
 8.017705098312E+00  2.034309192747E-02
 7.995033609157E+00  2.202727592190E-02
 7.971930339512E+00  2.362107445261E-02
 7.948537728718E+00  2.509796912925E-02
 7.925000000000E+00  2.643075100029E-02
 7.901462271282E+00  2.759189415930E-02
 7.878069660488E+00  2.855411615223E-02
 7.854966390843E+00  2.929110630102E-02
 7.832294901688E+00  2.977838223415E-02
 7.810194970290E+00  2.999421674063E-02
 7.788802850078E+00  2.992056349487E-02
 7.768250430585E+00  2.954390279658E-02
 7.748664424312E+00  2.885592824187E-02
 7.730165585501E+00  2.785400253157E-02
 7.712867965644E+00  2.654132506145E-02
 7.696878210320E+00  2.492677446294E-02
 7.682294901688E+00  2.302441420048E-02
 7.669207950694E+00  2.085267655334E-02
 7.657698042743E+00  1.843326741483E-02
 7.647836140247E+00  1.578985888635E-02
 7.639683045111E+00  1.294665636148E-02
 7.633289023881E+00  9.926939817241E-03
 7.628693497821E+00  6.751684060373E-03
 7.625924799880E+00  3.438359119690E-03
 7.625000000000E+00  0.000000000000E+00
 7.625924799880E+00 -3.438359119690E-03
 7.628693497821E+00 -6.751684060373E-03
 7.633289023881E+00 -9.926939817241E-03
 7.639683045111E+00 -1.294665636148E-02
 7.647836140247E+00 -1.578985888635E-02
 7.657698042743E+00 -1.843326741483E-02
 7.669207950694E+00 -2.085267655334E-02
 7.682294901688E+00 -2.302441420048E-02
 7.696878210320E+00 -2.492677446294E-02
 7.712867965644E+00 -2.654132506145E-02
 7.730165585501E+00 -2.785400253157E-02
 7.748664424312E+00 -2.885592824187E-02
 7.768250430585E+00 -2.954390279658E-02
 7.788802850078E+00 -2.992056349487E-02
 7.810194970290E+00 -2.999421674063E-02
 7.832294901688E+00 -2.977838223415E-02
 7.854966390843E+00 -2.929110630102E-02
 7.878069660488E+00 -2.855411615223E-02
 7.901462271282E+00 -2.759189415930E-02
 7.925000000000E+00 -2.643075100029E-02
 7.948537728718E+00 -2.509796912925E-02
 7.971930339512E+00 -2.362107445261E-02
 7.995033609157E+00 -2.202727592190E-02
 8.017705098312E+00 -2.034309192747E-02
 8.039805029710E+00 -1.859416104651E-02
 8.061197149922E+00 -1.680521498928E-02
 8.081749569415E+00 -1.500017539897E-02
 8.101335575688E+00 -1.320232498612E-02
 8.119834414499E+00 -1.143449826448E-02
 8.137132034356E+00 -9.719238220085E-03
 8.153121789680E+00 -8.078872262030E-03
 8.167705098312E+00 -6.535472843954E-03
 8.180792049306E+00 -5.110683787913E-03
 8.192301957257E+00 -3.825410823541E-03
 8.202163859753E+00 -2.699392256840E-03
 8.210316954889E+00 -1.750681129725E-03
 8.216710976119E+00 -9.950820846709E-04
 8.221306502179E+00 -4.455931718513E-04
 8.224075200120E+00 -1.119043179787E-04
 8.225000000000E+00  8.326672684689E-18
*END
