*KEYWORD
*DEFINE_CURVE_TITLE
SYNTHETIC VTAIL local section geometry
$ LCID SIDR SFA SFO OFFA OFFO DATTYP
 1 0 1.0 1.0 0 0 0
$ ABSCISSA ORDINATE
 8.218750000000E+00 -1.040834085586E-17
 8.217594000150E+00  1.398803974733E-04
 8.214133127723E+00  5.569914648142E-04
 8.208388720149E+00  1.243852605839E-03
 8.200396193611E+00  2.188351412156E-03
 8.190204824692E+00  3.374240321050E-03
 8.177877446571E+00  4.781763529426E-03
 8.163490061633E+00  6.388354734892E-03
 8.147131372891E+00  8.169341054942E-03
 8.128902237100E+00  1.009859032754E-02
 8.108915042945E+00  1.214904777511E-02
 8.087293018124E+00  1.429312283060E-02
 8.064169469610E+00  1.650290623265E-02
 8.039686961768E+00  1.875021924871E-02
 8.013996437402E+00  2.100651873660E-02
 7.987256287137E+00  2.324270130813E-02
 7.959631372891E+00  2.542886490934E-02
 7.931292011446E+00  2.753409490238E-02
 7.902412924390E+00  2.952634306577E-02
 7.873172160898E+00  3.137246141157E-02
 7.843750000000E+00  3.303843875036E-02
 7.814327839102E+00  3.448986769913E-02
 7.785087075610E+00  3.569264519029E-02
 7.756207988554E+00  3.661388287627E-02
 7.727868627109E+00  3.722297779268E-02
 7.700243712863E+00  3.749277092579E-02
 7.673503562598E+00  3.740070436859E-02
 7.647813038232E+00  3.692987849572E-02
 7.623330530390E+00  3.606991030234E-02
 7.600206981876E+00  3.481750316446E-02
 7.578584957055E+00  3.317665632682E-02
 7.558597762900E+00  3.115846807867E-02
 7.540368627109E+00  2.878051775061E-02
 7.524009938367E+00  2.606584569168E-02
 7.509622553429E+00  2.304158426854E-02
 7.497295175308E+00  1.973732360794E-02
 7.487103806389E+00  1.618332045185E-02
 7.479111279851E+00  1.240867477155E-02
 7.473366872277E+00  8.439605075466E-03
 7.469905999850E+00  4.297948899613E-03
 7.468750000000E+00  0.000000000000E+00
 7.469905999850E+00 -4.297948899613E-03
 7.473366872277E+00 -8.439605075466E-03
 7.479111279851E+00 -1.240867477155E-02
 7.487103806389E+00 -1.618332045185E-02
 7.497295175308E+00 -1.973732360794E-02
 7.509622553429E+00 -2.304158426854E-02
 7.524009938367E+00 -2.606584569168E-02
 7.540368627109E+00 -2.878051775061E-02
 7.558597762900E+00 -3.115846807867E-02
 7.578584957055E+00 -3.317665632682E-02
 7.600206981876E+00 -3.481750316446E-02
 7.623330530390E+00 -3.606991030234E-02
 7.647813038232E+00 -3.692987849572E-02
 7.673503562598E+00 -3.740070436859E-02
 7.700243712863E+00 -3.749277092579E-02
 7.727868627109E+00 -3.722297779268E-02
 7.756207988554E+00 -3.661388287627E-02
 7.785087075610E+00 -3.569264519029E-02
 7.814327839102E+00 -3.448986769913E-02
 7.843750000000E+00 -3.303843875036E-02
 7.873172160898E+00 -3.137246141157E-02
 7.902412924390E+00 -2.952634306577E-02
 7.931292011446E+00 -2.753409490238E-02
 7.959631372891E+00 -2.542886490934E-02
 7.987256287137E+00 -2.324270130813E-02
 8.013996437402E+00 -2.100651873660E-02
 8.039686961768E+00 -1.875021924871E-02
 8.064169469610E+00 -1.650290623265E-02
 8.087293018124E+00 -1.429312283060E-02
 8.108915042945E+00 -1.214904777511E-02
 8.128902237100E+00 -1.009859032754E-02
 8.147131372891E+00 -8.169341054942E-03
 8.163490061633E+00 -6.388354734892E-03
 8.177877446571E+00 -4.781763529426E-03
 8.190204824692E+00 -3.374240321050E-03
 8.200396193611E+00 -2.188351412156E-03
 8.208388720149E+00 -1.243852605839E-03
 8.214133127723E+00 -5.569914648142E-04
 8.217594000150E+00 -1.398803974733E-04
 8.218750000000E+00  1.040834085586E-17
*END
