*KEYWORD
*DEFINE_CURVE_TITLE
DEFAULT_PLANE_ZX Cp curve
$     LCID      SIDR       SFA       SFO      OFFA      OFFO    DATTYP
       205         0  1.000000  1.000000  0.000000  0.000000         0
$ (Color) 0.662745 0.662745 0.662745
$           ABSCISSA            ORDINATE
    3.937500000000E+00    -3.673940397431E-18
    3.934802667016E+00    -3.327719353913E-03
    3.926727298021E+00    -1.323158535474E-02
    3.913323680348E+00    -2.947545662497E-02
    3.894674451758E+00    -5.167151702057E-02
    3.870894590947E+00    -7.928880142868E-02
    3.842130708665E+00    -1.116649286436E-01
    3.808560143810E+00    -1.480208453638E-01
    3.770389870078E+00    -1.874783370356E-01
    3.727855219900E+00    -2.290800145975E-01
    3.681218433538E+00    -2.718114382461E-01
    3.630767042289E+00    -3.146249868681E-01
    3.576812095756E+00    -3.564650222064E-01
    3.519686244126E+00    -3.962938294663E-01
    3.459741687272E+00    -4.331177432490E-01
    3.397348003319E+00    -4.660127953263E-01
    3.332889870078E+00    -4.941491582479E-01
    3.266764693374E+00    -5.168136179697E-01
    3.199380156910E+00    -5.334293020533E-01
    3.131151708762E+00    -5.435719280942E-01
    3.062500000000E+00    -5.469819260726E-01
    2.993848291238E+00    -5.435719280941E-01
    2.925619843090E+00    -5.334293020527E-01
    2.858235306626E+00    -5.168136179617E-01
    2.792110129922E+00    -4.941491581486E-01
    2.727651996681E+00    -4.660127941691E-01
    2.665258312728E+00    -4.331177307837E-01
    2.605313755874E+00    -3.962937071572E-01
    2.548187904244E+00    -3.564639443018E-01
    2.494232957711E+00    -3.146165682516E-01
    2.443781566462E+00    -2.717539026819E-01
    2.397144780100E+00    -2.287399815727E-01
    2.354610129922E+00    -1.857594876734E-01
    2.316439856190E+00    -1.406630469646E-01
    2.282869291335E+00    -8.523123637956E-02
    2.254105409053E+00    -2.130428190289E-04
    2.230325548242E+00     1.439742713645E-01
    2.211676319652E+00     3.686442082352E-01
    2.198272701979E+00     6.501607893309E-01
    2.190197332984E+00     8.990198130342E-01
    2.187500000000E+00     1.000000000000E+00
    2.190197332984E+00     9.027638750297E-01
    2.198272701979E+00     6.650448460806E-01
    2.211676319652E+00     4.017898888554E-01
    2.230325548242E+00     2.020535431852E-01
    2.254105409053E+00     8.885783976673E-02
    2.282869291335E+00     4.012616022360E-02
    2.316439856190E+00     2.538227250520E-02
    2.354610129922E+00     2.437329181572E-02
    2.397144780100E+00     2.779421550489E-02
    2.443781566462E+00     3.235311265492E-02
    2.494232957711E+00     3.706326534441E-02
    2.548187904244E+00     4.161730688272E-02
    2.605313755874E+00     4.587500404667E-02
    2.665258312728E+00     4.973890328676E-02
    2.727651996681E+00     5.313035391882E-02
    2.792110129922E+00     5.598560070437E-02
    2.858235306626E+00     5.825473209168E-02
    2.925619843090E+00     5.990067187128E-02
    2.993848291238E+00     6.089804058406E-02
    3.062500000000E+00     6.123210460105E-02
    3.131151708762E+00     6.089804058402E-02
    3.199380156910E+00     5.990067187067E-02
    3.266764693374E+00     5.825473208368E-02
    3.332889870078E+00     5.598560060506E-02
    3.397348003319E+00     5.313035276157E-02
    3.459741687272E+00     4.973889082146E-02
    3.519686244126E+00     4.587488173758E-02
    3.576812095756E+00     4.161622897813E-02
    3.630767042289E+00     3.705484672792E-02
    3.681218433538E+00     3.229557709074E-02
    3.727855219900E+00     2.745418248010E-02
    3.770389870078E+00     2.265444245355E-02
    3.808560143810E+00     1.802447410598E-02
    3.842130708665E+00     1.369246795959E-02
    3.870894590947E+00     9.782081157075E-03
    3.894674451758E+00     6.407754800118E-03
    3.913323680348E+00     3.670223995294E-03
    3.926727298021E+00     1.652471394922E-03
    3.934802667016E+00     4.163426415429E-04
    3.937500000000E+00    -3.673940397431E-18
*END
