*KEYWORD
*DEFINE_CURVE_TITLE
DEFAULT_PLANE_ZX Cp curve
$     LCID      SIDR       SFA       SFO      OFFA      OFFO    DATTYP
       301         0  1.000000  1.000000  0.000000  0.000000         0
$ (Color) 0.662745 0.662745 0.662745
$           ABSCISSA            ORDINATE
    3.812500000000E+00    -3.673940397431E-18
    3.810573333583E+00    -4.082126249875E-03
    3.804805212872E+00    -1.623063693708E-02
    3.795231200249E+00    -3.615412008236E-02
    3.781910322684E+00    -6.337415528541E-02
    3.764924707820E+00    -9.723607049997E-02
    3.744379077618E+00    -1.369237209851E-01
    3.720400102721E+00    -1.814780194710E-01
    3.693135621484E+00    -2.298188800358E-01
    3.662753728500E+00    -2.807701755938E-01
    3.629441738242E+00    -3.330872477169E-01
    3.593405030206E+00    -3.854864448133E-01
    3.554865782683E+00    -4.366760981477E-01
    3.514061602947E+00    -4.853882743007E-01
    3.471244062337E+00    -5.304105698490E-01
    3.426677145228E+00    -5.706171451966E-01
    3.380635621484E+00    -6.049981389246E-01
    3.333403352410E+00    -6.326865734539E-01
    3.285271540650E+00    -6.529818694125E-01
    3.236536934830E+00    -6.653691401398E-01
    3.187500000000E+00    -6.695335450141E-01
    3.138463065170E+00    -6.653691401397E-01
    3.089728459350E+00    -6.529818694119E-01
    3.041596647590E+00    -6.326865734459E-01
    2.994364378516E+00    -6.049981388253E-01
    2.948322854772E+00    -5.706171440393E-01
    2.903755937663E+00    -5.304105573837E-01
    2.860938397053E+00    -4.853881519916E-01
    2.820134217317E+00    -4.366750202431E-01
    2.781594969794E+00    -3.854780261969E-01
    2.745558261758E+00    -3.330297121527E-01
    2.712246271500E+00    -2.804301425690E-01
    2.681864378516E+00    -2.281000306736E-01
    2.654599897279E+00    -1.741202210717E-01
    2.630620922382E+00    -1.104900287211E-01
    2.610075292180E+00    -1.816031189032E-02
    2.593089677316E+00     1.322716330997E-01
    2.579768799751E+00     3.619655447778E-01
    2.570194787128E+00     6.471617377486E-01
    2.564426666417E+00     8.982654061382E-01
    2.562500000000E+00     1.000000000000E+00
    2.564426666417E+00     9.028970056584E-01
    2.570194787128E+00     6.655740904775E-01
    2.579768799751E+00     4.029684765244E-01
    2.593089677316E+00     2.041187146437E-01
    2.610075292180E+00     9.202500489695E-02
    2.630620922382E+00     4.458359416623E-02
    2.654599897279E+00     3.128647970059E-02
    2.681864378516E+00     3.184515234518E-02
    2.712246271500E+00     3.691600862189E-02
    2.745558261758E+00     4.316649079682E-02
    2.781594969794E+00     4.956822851122E-02
    2.820134217317E+00     5.577220263708E-02
    2.860938397053E+00     6.159755313508E-02
    2.903755937663E+00     6.690822562794E-02
    2.948322854772E+00     7.158994507239E-02
    2.994364378516E+00     7.554718552968E-02
    3.041596647590E+00     7.870290070653E-02
    3.089728459350E+00     8.099818375821E-02
    3.138463065170E+00     8.239166623917E-02
    3.187500000000E+00     8.285886088485E-02
    3.236536934830E+00     8.239166623912E-02
    3.285271540650E+00     8.099818375759E-02
    3.333403352410E+00     7.870290069853E-02
    3.380635621484E+00     7.554718543037E-02
    3.426677145228E+00     7.158994391514E-02
    3.471244062337E+00     6.690821316263E-02
    3.514061602947E+00     6.159743082600E-02
    3.554865782683E+00     5.577112473248E-02
    3.593405030206E+00     4.955980989473E-02
    3.629441738242E+00     4.310895523264E-02
    3.662753728500E+00     3.657597559710E-02
    3.693135621484E+00     3.012630298300E-02
    3.720400102721E+00     2.392868130137E-02
    3.744379077618E+00     1.814990190222E-02
    3.764924707820E+00     1.294924628730E-02
    3.781910322684E+00     8.472926258619E-03
    3.795231200249E+00     4.848811664245E-03
    3.804805212872E+00     2.181715791805E-03
    3.810573333583E+00     5.494732702420E-04
    3.812500000000E+00    -3.673940397431E-18
*END
