*KEYWORD
*DEFINE_CURVE_TITLE
DEFAULT_PLANE_ZX Cp curve
$     LCID      SIDR       SFA       SFO      OFFA      OFFO    DATTYP
       505         0  1.000000  1.000000  0.000000  0.000000         0
$ (Color) 0.662745 0.662745 0.662745
$           ABSCISSA            ORDINATE
    3.937500000000E+00    -3.673940397431E-18
    3.934802667016E+00    -1.558911228587E-03
    3.926727298021E+00    -6.199906779824E-03
    3.913323680348E+00    -1.381643461312E-02
    3.894674451758E+00    -2.423311241239E-02
    3.870894590947E+00    -3.720902255781E-02
    3.842130708665E+00    -5.244230306993E-02
    3.808560143810E+00    -6.957601442698E-02
    3.770389870078E+00    -8.820525656607E-02
    3.727855219900E+00    -1.078855010543E-01
    3.681218433538E+00    -1.281420865235E-01
    3.630767042289E+00    -1.484807969661E-01
    3.576812095756E+00    -1.683993992307E-01
    3.519686244126E+00    -1.873999569579E-01
    3.459741687272E+00    -2.050016653775E-01
    3.397348003319E+00    -2.207538707520E-01
    3.332889870078E+00    -2.342488594109E-01
    3.266764693374E+00    -2.451339365364E-01
    3.199380156910E+00    -2.531222771830E-01
    3.131151708762E+00    -2.580020327743E-01
    3.062500000000E+00    -2.596432226274E-01
    2.993848291238E+00    -2.580020327743E-01
    2.925619843090E+00    -2.531222771824E-01
    2.858235306626E+00    -2.451339365284E-01
    2.792110129922E+00    -2.342488593116E-01
    2.727651996681E+00    -2.207538695948E-01
    2.665258312728E+00    -2.050016529122E-01
    2.605313755874E+00    -1.873998346488E-01
    2.548187904244E+00    -1.683983213261E-01
    2.494232957711E+00    -1.484723783496E-01
    2.443781566462E+00    -1.280845509593E-01
    2.397144780100E+00    -1.075454680295E-01
    2.354610129922E+00    -8.648640720390E-02
    2.316439856190E+00    -6.221821602776E-02
    2.282869291335E+00    -2.600861080593E-02
    2.254105409053E+00     4.186673605184E-02
    2.230325548242E+00     1.714126759727E-01
    2.211676319652E+00     3.843032302470E-01
    2.198272701979E+00     6.571924679059E-01
    2.190197332984E+00     9.007886211595E-01
    2.187500000000E+00     1.000000000000E+00
    2.190197332984E+00     9.024517324193E-01
    2.198272701979E+00     6.638039616262E-01
    2.211676319652E+00     3.990265320298E-01
    2.230325548242E+00     1.972114717838E-01
    2.254105409053E+00     8.143199643657E-02
    2.282869291335E+00     2.967510865178E-02
    2.316439856190E+00     1.153906704577E-02
    2.354610129922E+00     6.854512909345E-03
    2.397144780100E+00     6.406948409036E-03
    2.443781566462E+00     6.999697645053E-03
    2.494232957711E+00     7.743702420527E-03
    2.548187904244E+00     8.429255769364E-03
    2.605313755874E+00     9.011379486365E-03
    2.665258312728E+00     9.483124838841E-03
    2.727651996681E+00     9.849367229235E-03
    2.792110129922E+00     1.012084208608E-02
    2.858235306626E+00     1.031125889756E-02
    2.925619843090E+00     1.043472630594E-02
    2.993848291238E+00     1.050335317467E-02
    3.062500000000E+00     1.052527458131E-02
    3.131151708762E+00     1.050335317463E-02
    3.199380156910E+00     1.043472630533E-02
    3.266764693374E+00     1.031125888956E-02
    3.332889870078E+00     1.012084198677E-02
    3.397348003319E+00     9.849366071985E-03
    3.459741687272E+00     9.483112373536E-03
    3.519686244126E+00     9.011257177279E-03
    3.576812095756E+00     8.428177864768E-03
    3.630767042289E+00     7.735283804037E-03
    3.681218433538E+00     6.942162080868E-03
    3.727855219900E+00     6.066915384244E-03
    3.770389870078E+00     5.135663547172E-03
    3.808560143810E+00     4.181268646547E-03
    3.842130708665E+00     3.241416387777E-03
    3.870894590947E+00     2.356237826921E-03
    3.894674451758E+00     1.565683398674E-03
    3.913323680348E+00     9.068671696734E-04
    3.926727298021E+00     4.115869405247E-04
    3.934802667016E+00     1.042000311913E-04
    3.937500000000E+00    -3.673940397431E-18
*END
