*KEYWORD
*DEFINE_CURVE_TITLE
DEFAULT_PLANE_ZX Cp curve
$     LCID      SIDR       SFA       SFO      OFFA      OFFO    DATTYP
       403         0  1.000000  1.000000  0.000000  0.000000         0
$ (Color) 0.662745 0.662745 0.662745
$           ABSCISSA            ORDINATE
    3.937500000000E+00    -3.673940397431E-18
    3.934802667016E+00    -6.854821098430E-03
    3.926727298021E+00    -2.725314338208E-02
    3.913323680348E+00    -6.070041713065E-02
    3.894674451758E+00    -1.063852213363E-01
    3.870894590947E+00    -1.631982200588E-01
    3.842130708665E+00    -2.297581367111E-01
    3.808560143810E+00    -3.044441996462E-01
    3.770389870078E+00    -3.854343789002E-01
    3.727855219900E+00    -4.707486128042E-01
    3.681218433538E+00    -5.582961133439E-01
    3.630767042289E+00    -6.459257388571E-01
    3.576812095756E+00    -7.314783305375E-01
    3.519686244126E+00    -8.128398253795E-01
    3.459741687272E+00    -8.879938853772E-01
    3.397348003319E+00    -9.550727268918E-01
    3.332889870078E+00    -1.012404804128E+00
    3.266764693374E+00    -1.058558007660E+00
    3.199380156910E+00    -1.092377094222E+00
    3.131151708762E+00    -1.113014176545E+00
    3.062500000000E+00    -1.119951276268E+00
    2.993848291238E+00    -1.113014176545E+00
    2.925619843090E+00    -1.092377094221E+00
    2.858235306626E+00    -1.058558007652E+00
    2.792110129922E+00    -1.012404804029E+00
    2.727651996681E+00    -9.550727257346E-01
    2.665258312728E+00    -8.879938729119E-01
    2.605313755874E+00    -8.128397030704E-01
    2.548187904244E+00    -7.314772526329E-01
    2.494232957711E+00    -6.459173202406E-01
    2.443781566462E+00    -5.582385777797E-01
    2.397144780100E+00    -4.704085797794E-01
    2.354610129922E+00    -3.837155295380E-01
    2.316439856190E+00    -2.970864012470E-01
    2.282869291335E+00    -2.033244444471E-01
    2.254105409053E+00    -8.412246144916E-02
    2.230325548242E+00     8.926056704884E-02
    2.211676319652E+00     3.374192477295E-01
    2.198272701979E+00     6.361392313036E-01
    2.190197332984E+00     8.954927112897E-01
    2.187500000000E+00     1.000000000000E+00
    2.190197332984E+00     9.033863047493E-01
    2.198272701979E+00     6.675192386737E-01
    2.211676319652E+00     4.073001760035E-01
    2.230325548242E+00     2.117089027704E-01
    2.254105409053E+00     1.036653842309E-01
    2.282869291335E+00     6.096613811787E-02
    2.316439856190E+00     5.298639384916E-02
    2.354610129922E+00     5.930671096830E-02
    2.397144780100E+00     7.044161518842E-02
    2.443781566462E+00     8.290923178983E-02
    2.494232957711E+00     9.552810393070E-02
    2.548187904244E+00     1.077961260000E-01
    2.605313755874E+00     1.193831209725E-01
    2.665258312728E+00     1.300111636623E-01
    2.727651996681E+00     1.394350477245E-01
    2.792110129922E+00     1.474424793891E-01
    2.858235306626E+00     1.538566832134E-01
    2.925619843090E+00     1.585385175480E-01
    2.993848291238E+00     1.613878491343E-01
    3.062500000000E+00     1.623443428709E-01
    3.131151708762E+00     1.613878491342E-01
    3.199380156910E+00     1.585385175474E-01
    3.266764693374E+00     1.538566832054E-01
    3.332889870078E+00     1.474424792898E-01
    3.397348003319E+00     1.394350465673E-01
    3.459741687272E+00     1.300111511970E-01
    3.519686244126E+00     1.193829986634E-01
    3.576812095756E+00     1.077950480954E-01
    3.630767042289E+00     9.551968531421E-02
    3.681218433538E+00     8.285169622565E-02
    3.727855219900E+00     7.010158216363E-02
    3.770389870078E+00     5.758786160613E-02
    3.808560143810E+00     4.562859544994E-02
    3.842130708665E+00     3.453244585386E-02
    3.870894590947E+00     2.458962562122E-02
    3.894674451758E+00     1.606311438524E-02
    3.913323680348E+00     9.180511143355E-03
    3.926727298021E+00     4.126863987982E-03
    3.934802667016E+00     1.038772361164E-03
    3.937500000000E+00    -3.673940397431E-18
*END
