*KEYWORD
*DEFINE_CURVE_TITLE
DEFAULT_PLANE_ZX Cp curve
$     LCID      SIDR       SFA       SFO      OFFA      OFFO    DATTYP
       206         0  1.000000  1.000000  0.000000  0.000000         0
$ (Color) 0.662745 0.662745 0.662745
$           ABSCISSA            ORDINATE
    3.875000000000E+00    -3.673940397431E-18
    3.872688000300E+00    -3.083215129187E-03
    3.865766255446E+00    -1.225958896132E-02
    3.854277440298E+00    -2.731089339046E-02
    3.838292387221E+00    -4.787867722614E-02
    3.817909649383E+00    -7.347206892832E-02
    3.793254893141E+00    -1.034785222466E-01
    3.764480123266E+00    -1.371773331154E-01
    3.731762745781E+00    -1.737557137454E-01
    3.695304474200E+00    -2.123271683443E-01
    3.655330085890E+00    -2.519518712547E-01
    3.612086036248E+00    -2.916586991385E-01
    3.565838939219E+00    -3.304685115137E-01
    3.516873923537E+00    -3.674182077319E-01
    3.465492874805E+00    -4.015850156632E-01
    3.412012574274E+00    -4.321103938439E-01
    3.356762745781E+00    -4.582228640595E-01
    3.300084022892E+00    -4.792590472214E-01
    3.242325848780E+00    -4.946821644639E-01
    3.183844321796E+00    -5.040972983361E-01
    3.125000000000E+00    -5.072627920898E-01
    3.066155678204E+00    -5.040972983360E-01
    3.007674151220E+00    -4.946821644633E-01
    2.949915977108E+00    -4.792590472134E-01
    2.893237254219E+00    -4.582228639602E-01
    2.837987425726E+00    -4.321103926866E-01
    2.784507125195E+00    -4.015850031979E-01
    2.733126076463E+00    -3.674180854228E-01
    2.684161060781E+00    -3.304674336091E-01
    2.637913963752E+00    -2.916502805220E-01
    2.594669914110E+00    -2.518943356905E-01
    2.554695525800E+00    -2.119871353196E-01
    2.518237254219E+00    -1.720368643832E-01
    2.485519876734E+00    -1.298195347162E-01
    2.456745106859E+00    -7.704482998262E-02
    2.432090350617E+00     5.603689681325E-03
    2.411707612779E+00     1.477671111590E-01
    2.395722559702E+00     3.708087714697E-01
    2.384233744554E+00     6.511327857244E-01
    2.377311999700E+00     8.992643172589E-01
    2.375000000000E+00     1.000000000000E+00
    2.377311999700E+00     9.027207272253E-01
    2.384233744554E+00     6.648733173053E-01
    2.395722559702E+00     4.014079071082E-01
    2.411707612779E+00     2.013842185156E-01
    2.432090350617E+00     8.783135756078E-02
    2.456745106859E+00     3.868150027120E-02
    2.485519876734E+00     2.346871152020E-02
    2.518237254219E+00     2.195165241158E-02
    2.554695525800E+00     2.483783087198E-02
    2.594669914110E+00     2.884848318585E-02
    2.637913963752E+00     3.301039103918E-02
    2.684161060781E+00     3.702968734872E-02
    2.733126076463E+00     4.077930609353E-02
    2.784507125195E+00     4.417430430102E-02
    2.837987425726E+00     4.714757718662E-02
    2.893237254219E+00     4.964566643584E-02
    2.949915977108E+00     5.162745490080E-02
    3.007674151220E+00     5.306294170845E-02
    3.066155678204E+00     5.393192945028E-02
    3.125000000000E+00     5.422284566291E-02
    3.183844321796E+00     5.393192945024E-02
    3.242325848780E+00     5.306294170784E-02
    3.300084022892E+00     5.162745489280E-02
    3.356762745781E+00     4.964566633652E-02
    3.412012574274E+00     4.714757602937E-02
    3.465492874805E+00     4.417429183572E-02
    3.516873923537E+00     4.077918378445E-02
    3.565838939219E+00     3.702860944413E-02
    3.612086036248E+00     3.300197242269E-02
    3.655330085890E+00     2.879094762167E-02
    3.695304474200E+00     2.449779784719E-02
    3.731762745781E+00     2.023280304941E-02
    3.764480123266E+00     1.611091312098E-02
    3.793254893141E+00     1.224780800719E-02
    3.817909649383E+00     8.755598951130E-03
    3.838292387221E+00     5.738430130512E-03
    3.854277440298E+00     3.288242248028E-03
    3.865766255446E+00     1.480942619611E-03
    3.872688000300E+00     3.731948371795E-04
    3.875000000000E+00    -3.673940397431E-18
*END
