*KEYWORD
*DEFINE_CURVE_TITLE
DEFAULT_PLANE_ZX Cp curve
$     LCID      SIDR       SFA       SFO      OFFA      OFFO    DATTYP
       201         0  1.000000  1.000000  0.000000  0.000000         0
$ (Color) 0.662745 0.662745 0.662745
$           ABSCISSA            ORDINATE
    3.812500000000E+00    -3.673940397431E-18
    3.810573333583E+00    -2.675708087977E-03
    3.804805212872E+00    -1.063959497227E-02
    3.795231200249E+00    -2.370328799962E-02
    3.781910322684E+00    -4.155727756876E-02
    3.764924707820E+00    -6.377751476107E-02
    3.744379077618E+00    -8.983451158505E-02
    3.720400102721E+00    -1.191048127015E-01
    3.693135621484E+00    -1.508846749285E-01
    3.662753728500E+00    -1.844057579224E-01
    3.629441738242E+00    -2.188525929357E-01
    3.593405030206E+00    -2.533815529224E-01
    3.554865782683E+00    -2.871409936926E-01
    3.514061602947E+00    -3.192921715078E-01
    3.471244062337E+00    -3.490304696867E-01
    3.426677145228E+00    -3.756063913731E-01
    3.380635621484E+00    -3.983457070789E-01
    3.333403352410E+00    -4.166680959742E-01
    3.285271540650E+00    -4.301036018150E-01
    3.236536934830E+00    -4.383062487393E-01
    3.187500000000E+00    -4.410642354518E-01
    3.138463065170E+00    -4.383062487392E-01
    3.089728459350E+00    -4.301036018143E-01
    3.041596647590E+00    -4.166680959662E-01
    2.994364378516E+00    -3.983457069796E-01
    2.948322854772E+00    -3.756063902159E-01
    2.903755937663E+00    -3.490304572214E-01
    2.860938397053E+00    -3.192920491987E-01
    2.820134217317E+00    -2.871399157880E-01
    2.781594969794E+00    -2.533731343059E-01
    2.745558261758E+00    -2.187950573715E-01
    2.712246271500E+00    -1.840657248976E-01
    2.681864378516E+00    -1.491658255664E-01
    2.654599897279E+00    -1.117470143022E-01
    2.630620922382E+00    -6.340081932104E-02
    2.610075292180E+00     1.529824384858E-02
    2.593089677316E+00     1.540885108164E-01
    2.579768799751E+00     3.744163768605E-01
    2.570194787128E+00     6.527527797134E-01
    2.564426666417E+00     8.996718243001E-01
    2.562500000000E+00     1.000000000000E+00
    2.564426666417E+00     9.026488142180E-01
    2.570194787128E+00     6.645874360131E-01
    2.579768799751E+00     4.007712708627E-01
    2.593089677316E+00     2.002686773996E-01
    2.610075292180E+00     8.612055388421E-02
    2.630620922382E+00     3.627373368386E-02
    2.654599897279E+00     2.027944321186E-02
    2.681864378516E+00     1.791558673801E-02
    2.712246271500E+00     1.991052315046E-02
    2.745558261758E+00     2.300743407073E-02
    2.781594969794E+00     2.625560053046E-02
    2.820134217317E+00     2.938365479205E-02
    2.860938397053E+00     3.228647617164E-02
    2.903755937663E+00     3.489997265812E-02
    2.948322854772E+00     3.717628263296E-02
    2.994364378516E+00     3.907910932161E-02
    3.041596647590E+00     4.058199291601E-02
    3.089728459350E+00     4.166672477040E-02
    3.138463065170E+00     4.232174422732E-02
    3.187500000000E+00     4.254074743267E-02
    3.236536934830E+00     4.232174422727E-02
    3.285271540650E+00     4.166672476979E-02
    3.333403352410E+00     4.058199290801E-02
    3.380635621484E+00     3.907910922229E-02
    3.426677145228E+00     3.717628147571E-02
    3.471244062337E+00     3.489996019281E-02
    3.514061602947E+00     3.228635386255E-02
    3.554865782683E+00     2.938257688746E-02
    3.593405030206E+00     2.624718191397E-02
    3.629441738242E+00     2.294989850655E-02
    3.662753728500E+00     1.957049012567E-02
    3.693135621484E+00     1.619673737584E-02
    3.720400102721E+00     1.292164481263E-02
    3.744379077618E+00     9.840041419857E-03
    3.764924707820E+00     7.044795274556E-03
    3.781910322684E+00     4.622889014503E-03
    3.795231200249E+00     2.651606002585E-03
    3.804805212872E+00     1.195061327426E-03
    3.810573333583E+00     3.012818299070E-04
    3.812500000000E+00    -3.673940397431E-18
*END
