*KEYWORD
*DEFINE_CURVE_TITLE
DEFAULT_PLANE_ZX Cp curve
$     LCID      SIDR       SFA       SFO      OFFA      OFFO    DATTYP
       504         0  1.000000  1.000000  0.000000  0.000000         0
$ (Color) 0.662745 0.662745 0.662745
$           ABSCISSA            ORDINATE
    4.000000000000E+00    -3.673940397431E-18
    3.996917333733E+00    -1.595243181659E-03
    3.987688340595E+00    -6.344339978848E-03
    3.972369920398E+00    -1.413807653953E-02
    3.951056516295E+00    -2.479670708064E-02
    3.923879532511E+00    -3.807335630284E-02
    3.891006524188E+00    -5.365875703253E-02
    3.852640164354E+00    -7.118729937955E-02
    3.809016994375E+00    -9.024436123167E-02
    3.760405965600E+00    -1.103748798148E-01
    3.707106781187E+00    -1.310931065182E-01
    3.649448048330E+00    -1.518934581950E-01
    3.587785252292E+00    -1.722623345545E-01
    3.522498564716E+00    -1.916907119948E-01
    3.453990499740E+00    -2.096872514043E-01
    3.382683432365E+00    -2.257915769964E-01
    3.309016994375E+00    -2.395873047321E-01
    3.233445363856E+00    -2.507143345994E-01
    3.156434465040E+00    -2.588798839734E-01
    3.078459095728E+00    -2.638677408107E-01
    3.000000000000E+00    -2.655452626168E-01
    2.921540904272E+00    -2.638677408106E-01
    2.843565534960E+00    -2.588798839728E-01
    2.766554636144E+00    -2.507143345914E-01
    2.690983005625E+00    -2.395873046327E-01
    2.617316567635E+00    -2.257915758391E-01
    2.546009500260E+00    -2.096872389390E-01
    2.477501435284E+00    -1.916905896857E-01
    2.412214747708E+00    -1.722612566499E-01
    2.350551951670E+00    -1.518850395785E-01
    2.292893218813E+00    -1.310355709540E-01
    2.239594034400E+00    -1.100348467901E-01
    2.190983005625E+00    -8.852551186950E-02
    2.147359835646E+00    -6.382950098033E-02
    2.108993475812E+00    -2.722506476852E-02
    2.076120467489E+00     4.100240230681E-02
    2.048943483705E+00     1.708490813045E-01
    2.027630079602E+00     3.839815883206E-01
    2.012311659405E+00     6.570480347068E-01
    2.003082666267E+00     9.007522892065E-01
    2.000000000000E+00     1.000000000000E+00
    2.003082666267E+00     9.024581439404E-01
    2.012311659405E+00     6.638294498378E-01
    2.027630079602E+00     3.990832923698E-01
    2.048943483705E+00     1.973109296664E-01
    2.076120467489E+00     8.158452592099E-02
    2.108993475812E+00     2.988977699812E-02
    2.147359835646E+00     1.182341144916E-02
    2.190983005625E+00     7.214354909157E-03
    2.239594034400E+00     6.846250543244E-03
    2.292893218813E+00     7.520465879413E-03
    2.350551951670E+00     8.345936755039E-03
    2.412214747708E+00     9.110950238272E-03
    2.477501435284E+00     9.768571551690E-03
    2.546009500260E+00     1.030999296122E-02
    2.617316567635E+00     1.073837421354E-02
    2.690983005625E+00     1.106292067217E-02
    2.766554636144E+00     1.129603502633E-02
    2.843565534960E+00     1.145077456307E-02
    2.921540904272E+00     1.153847812226E-02
    3.000000000000E+00     1.156681105003E-02
    3.078459095728E+00     1.153847812222E-02
    3.156434465040E+00     1.145077456246E-02
    3.233445363856E+00     1.129603501833E-02
    3.309016994375E+00     1.106292057286E-02
    3.382683432365E+00     1.073837305629E-02
    3.453990499740E+00     1.030998049592E-02
    3.522498564716E+00     9.768449242605E-03
    3.587785252292E+00     9.109872333676E-03
    3.649448048330E+00     8.337518138550E-03
    3.707106781187E+00     7.462930315228E-03
    3.760405965600E+00     6.506217518452E-03
    3.809016994375E+00     5.495505546984E-03
    3.852640164354E+00     4.465613049941E-03
    3.891006524188E+00     3.456084734118E-03
    3.923879532511E+00     2.508767311339E-03
    3.951056516295E+00     1.665141281306E-03
    3.972369920398E+00     9.636275096286E-04
    3.987688340595E+00     4.370751521171E-04
    3.996917333733E+00     1.106115523216E-04
    4.000000000000E+00    -3.673940397431E-18
*END
