*KEYWORD
*DEFINE_CURVE_TITLE
DEFAULT_PLANE_ZX Cp curve
$     LCID      SIDR       SFA       SFO      OFFA      OFFO    DATTYP
       302         0  1.000000  1.000000  0.000000  0.000000         0
$ (Color) 0.662745 0.662745 0.662745
$           ABSCISSA            ORDINATE
    3.875000000000E+00    -3.673940397431E-18
    3.872688000300E+00    -4.714708922262E-03
    3.865766255446E+00    -1.874539134181E-02
    3.854277440298E+00    -4.175428996478E-02
    3.838292387221E+00    -7.318701122188E-02
    3.817909649383E+00    -1.122851527551E-01
    3.793254893141E+00    -1.581036365536E-01
    3.764480123266E+00    -2.095324138841E-01
    3.731762745781E+00    -2.653221263406E-01
    3.695304474200E+00    -3.241132313827E-01
    3.655330085890E+00    -3.844680284537E-01
    3.612086036248E+00    -4.449049504981E-01
    3.565838939219E+00    -5.039344133165E-01
    3.516873923537E+00    -5.600954413612E-01
    3.465492874805E+00    -6.119922157542E-01
    3.412012574274E+00    -6.583296244150E-01
    3.356762745781E+00    -6.979468444617E-01
    3.300084022892E+00    -7.298479650450E-01
    3.242325848780E+00    -7.532286764814E-01
    3.183844321796E+00    -7.674981189410E-01
    3.125000000000E+00    -7.722951064877E-01
    3.066155678204E+00    -7.674981189409E-01
    3.007674151220E+00    -7.532286764808E-01
    2.949915977108E+00    -7.298479650370E-01
    2.893237254219E+00    -6.979468443624E-01
    2.837987425726E+00    -6.583296232578E-01
    2.784507125195E+00    -6.119922032889E-01
    2.733126076463E+00    -5.600953190521E-01
    2.684161060781E+00    -5.039333354119E-01
    2.637913963752E+00    -4.448965318816E-01
    2.594669914110E+00    -3.844104928895E-01
    2.554695525800E+00    -3.237731983579E-01
    2.518237254219E+00    -2.636032769785E-01
    2.485519876734E+00    -2.021746154848E-01
    2.456745106859E+00    -1.316699442896E-01
    2.432090350617E+00    -3.320939414547E-02
    2.411707612779E+00     1.224587771632E-01
    2.395722559702E+00     3.563653748954E-01
    2.384233744554E+00     6.446469833439E-01
    2.377311999700E+00     8.976328234659E-01
    2.375000000000E+00     1.000000000000E+00
    2.377311999700E+00     9.030086378947E-01
    2.384233744554E+00     6.660178706666E-01
    2.395722559702E+00     4.039567417977E-01
    2.411707612779E+00     2.058503951031E-01
    2.432090350617E+00     9.468072529492E-02
    2.456745106859E+00     4.832122632536E-02
    2.485519876734E+00     3.623725518525E-02
    2.518237254219E+00     3.811043110486E-02
    2.554695525800E+00     4.456478317287E-02
    2.594669914110E+00     5.223368739744E-02
    2.637913963752E+00     6.005384716146E-02
    2.684161060781E+00     6.764131707861E-02
    2.733126076463E+00     7.478117085164E-02
    2.784507125195E+00     8.130498667002E-02
    2.837987425726E+00     8.706861787565E-02
    2.893237254219E+00     9.194989827152E-02
    2.949915977108E+00     9.584902863439E-02
    3.007674151220E+00     9.868879677036E-02
    3.066155678204E+00     1.004144272041E-01
    3.125000000000E+00     1.009932540861E-01
    3.183844321796E+00     1.004144272040E-01
    3.242325848780E+00     9.868879676974E-02
    3.300084022892E+00     9.584902862639E-02
    3.356762745781E+00     9.194989817221E-02
    3.412012574274E+00     8.706861671840E-02
    3.465492874805E+00     8.130497420472E-02
    3.516873923537E+00     7.478104854256E-02
    3.565838939219E+00     6.764023917402E-02
    3.612086036248E+00     6.004542854497E-02
    3.655330085890E+00     5.217615183325E-02
    3.695304474200E+00     4.422475014808E-02
    3.731762745781E+00     3.639158174269E-02
    3.764480123266E+00     2.887945678603E-02
    3.793254893141E+00     2.188753406136E-02
    3.817909649383E+00     1.560496668527E-02
    3.838292387221E+00     1.020460671800E-02
    3.854277440298E+00     5.837076937613E-03
    3.865766255446E+00     2.625495980876E-03
    3.872688000300E+00     6.611055065456E-04
    3.875000000000E+00    -3.673940397431E-18
*END
