*KEYWORD
*DEFINE_CURVE_TITLE
DEFAULT_PLANE_ZX Cp curve
$     LCID      SIDR       SFA       SFO      OFFA      OFFO    DATTYP
       204         0  1.000000  1.000000  0.000000  0.000000         0
$ (Color) 0.662745 0.662745 0.662745
$           ABSCISSA            ORDINATE
    4.000000000000E+00    -3.673940397431E-18
    3.996917333733E+00    -3.409220762155E-03
    3.987688340595E+00    -1.355558415255E-02
    3.972369920398E+00    -3.019697770314E-02
    3.951056516295E+00    -5.293579695205E-02
    3.923879532511E+00    -8.122771226213E-02
    3.891006524188E+00    -1.143937307759E-01
    3.852640164354E+00    -1.516353494466E-01
    3.809016994375E+00    -1.920525447989E-01
    3.760405965600E+00    -2.346642966819E-01
    3.707106781187E+00    -2.784312939099E-01
    3.649448048330E+00    -3.222804161113E-01
    3.587785252292E+00    -3.651305257706E-01
    3.522498564716E+00    -4.059190367111E-01
    3.453990499740E+00    -4.436286524443E-01
    3.382683432365E+00    -4.773135958205E-01
    3.309016994375E+00    -5.061245896440E-01
    3.233445363856E+00    -5.293318082191E-01
    3.156434465040E+00    -5.463450145831E-01
    3.078459095728E+00    -5.567301380135E-01
    3.000000000000E+00    -5.602216374002E-01
    2.921540904272E+00    -5.567301380135E-01
    2.843565534960E+00    -5.463450145825E-01
    2.766554636144E+00    -5.293318082111E-01
    2.690983005625E+00    -5.061245895447E-01
    2.617316567635E+00    -4.773135946632E-01
    2.546009500260E+00    -4.436286399790E-01
    2.477501435284E+00    -4.059189144020E-01
    2.412214747708E+00    -3.651294478660E-01
    2.350551951670E+00    -3.222719974948E-01
    2.292893218813E+00    -2.783737583457E-01
    2.239594034400E+00    -2.343242636571E-01
    2.190983005625E+00    -1.903336954368E-01
    2.147359835646E+00    -1.442775510473E-01
    2.108993475812E+00    -8.796003851187E-02
    2.076120467489E+00    -2.151953652480E-03
    2.048943483705E+00     1.427099914331E-01
    2.027630079602E+00     3.679226871570E-01
    2.012311659405E+00     6.498367905331E-01
    2.003082666267E+00     8.989383116260E-01
    2.000000000000E+00     1.000000000000E+00
    2.003082666267E+00     9.027782576311E-01
    2.012311659405E+00     6.651020223391E-01
    2.027630079602E+00     4.019172161045E-01
    2.048943483705E+00     2.022766514084E-01
    2.076120467489E+00     8.920000050204E-02
    2.108993475812E+00     4.060771354107E-02
    2.147359835646E+00     2.602012616687E-02
    2.190983005625E+00     2.518050495044E-02
    2.239594034400E+00     2.877967704920E-02
    2.292893218813E+00     3.352132247795E-02
    2.350551951670E+00     3.841422344615E-02
    2.412214747708E+00     4.314651339406E-02
    2.477501435284E+00     4.757357003105E-02
    2.546009500260E+00     5.159376961534E-02
    2.617316567635E+00     5.512461282955E-02
    2.690983005625E+00     5.809891212722E-02
    2.766554636144E+00     6.046382448864E-02
    2.843565534960E+00     6.217991525890E-02
    2.921540904272E+00     6.322007762865E-02
    3.000000000000E+00     6.356852424710E-02
    3.078459095728E+00     6.322007762861E-02
    3.156434465040E+00     6.217991525828E-02
    3.233445363856E+00     6.046382448064E-02
    3.309016994375E+00     5.809891202791E-02
    3.382683432365E+00     5.512461167230E-02
    3.453990499740E+00     5.159375715004E-02
    3.522498564716E+00     4.757344772196E-02
    3.587785252292E+00     4.314543548946E-02
    3.649448048330E+00     3.840580482966E-02
    3.707106781187E+00     3.346378691376E-02
    3.760405965600E+00     2.843964402441E-02
    3.809016994375E+00     2.346165558826E-02
    3.852640164354E+00     1.866232776765E-02
    3.891006524188E+00     1.417402127706E-02
    3.923879532511E+00     1.012424189239E-02
    3.951056516295E+00     6.630863023320E-03
    3.972369920398E+00     3.797551244383E-03
    3.987688340595E+00     1.709647653359E-03
    3.996917333733E+00     4.307252429974E-04
    4.000000000000E+00    -3.673940397431E-18
*END
