*KEYWORD
*DEFINE_CURVE_TITLE
DEFAULT_PLANE_ZX Cp curve
$     LCID      SIDR       SFA       SFO      OFFA      OFFO    DATTYP
       304         0  1.000000  1.000000  0.000000  0.000000         0
$ (Color) 0.662745 0.662745 0.662745
$           ABSCISSA            ORDINATE
    4.000000000000E+00    -3.673940397431E-18
    3.996917333733E+00    -5.220775060172E-03
    3.987688340595E+00    -2.075719486560E-02
    3.972369920398E+00    -4.623442587071E-02
    3.951056516295E+00    -8.103729597106E-02
    3.923879532511E+00    -1.243244185592E-01
    3.891006524188E+00    -1.750475690083E-01
    3.852640164354E+00    -2.319759294145E-01
    3.809016994375E+00    -2.937247233845E-01
    3.760405965600E+00    -3.587876760138E-01
    3.707106781187E+00    -4.255726530431E-01
    3.649448048330E+00    -4.924397550458E-01
    3.587785252292E+00    -5.577410654514E-01
    3.522498564716E+00    -6.198611750096E-01
    3.453990499740E+00    -6.772575324783E-01
    3.382683432365E+00    -7.284996077898E-01
    3.309016994375E+00    -7.723058088914E-01
    3.233445363856E+00    -8.075770783180E-01
    3.156434465040E+00    -8.334261221365E-01
    3.078459095728E+00    -8.492013019819E-01
    3.000000000000E+00    -8.545043556666E-01
    2.921540904272E+00    -8.492013019819E-01
    2.843565534960E+00    -8.334261221359E-01
    2.766554636144E+00    -8.075770783100E-01
    2.690983005625E+00    -7.723058087921E-01
    2.617316567635E+00    -7.284996066325E-01
    2.546009500260E+00    -6.772575200130E-01
    2.477501435284E+00    -6.198610527005E-01
    2.412214747708E+00    -5.577399875468E-01
    2.350551951670E+00    -4.924313364293E-01
    2.292893218813E+00    -4.255151174789E-01
    2.239594034400E+00    -3.584476429890E-01
    2.190983005625E+00    -2.920058740224E-01
    2.147359835646E+00    -2.246181310153E-01
    2.108993475812E+00    -1.486138767443E-01
    2.076120467489E+00    -4.524865994959E-02
    2.048943483705E+00     1.146084924141E-01
    2.027630079602E+00     3.518852389894E-01
    2.012311659405E+00     6.426351798201E-01
    2.003082666267E+00     8.971267573280E-01
    2.000000000000E+00     1.000000000000E+00
    2.003082666267E+00     9.030979436837E-01
    2.012311659405E+00     6.663728948178E-01
    2.027630079602E+00     4.047473540164E-01
    2.048943483705E+00     2.072357394706E-01
    2.076120467489E+00     9.680530161330E-02
    2.108993475812E+00     5.131133205267E-02
    2.147359835646E+00     4.019787557298E-02
    2.190983005625E+00     4.312265411261E-02
    2.239594034400E+00     5.068380281365E-02
    2.292893218813E+00     5.948744467792E-02
    2.350551951670E+00     6.844234208165E-02
    2.412214747708E+00     7.713660863185E-02
    2.477501435284E+00     8.532806502489E-02
    2.546009500260E+00     9.282239550369E-02
    2.617316567635E+00     9.945155611825E-02
    2.690983005625E+00     1.050720684650E-01
    2.766554636144E+00     1.095659309767E-01
    2.843565534960E+00     1.128412871801E-01
    2.921540904272E+00     1.148326359760E-01
    3.000000000000E+00     1.155007686471E-01
    3.078459095728E+00     1.148326359760E-01
    3.156434465040E+00     1.128412871795E-01
    3.233445363856E+00     1.095659309687E-01
    3.309016994375E+00     1.050720683657E-01
    3.382683432365E+00     9.945155496100E-02
    3.453990499740E+00     9.282238303839E-02
    3.522498564716E+00     8.532794271581E-02
    3.587785252292E+00     7.713553072725E-02
    3.649448048330E+00     6.843392346516E-02
    3.707106781187E+00     5.942990911374E-02
    3.760405965600E+00     5.034376978886E-02
    3.809016994375E+00     4.140380475043E-02
    3.852640164354E+00     3.284007717376E-02
    3.891006524188E+00     2.487763978867E-02
    3.923879532511E+00     1.772954300365E-02
    3.951056516295E+00     1.158995108550E-02
    3.972369920398E+00     6.627689156308E-03
    3.987688340595E+00     2.980520132132E-03
    3.996917333733E+00     7.504112955885E-04
    4.000000000000E+00    -3.673940397431E-18
*END
