*KEYWORD
*DEFINE_CURVE_TITLE
DEFAULT_PLANE_ZX Cp curve
$     LCID      SIDR       SFA       SFO      OFFA      OFFO    DATTYP
       308         0  1.000000  1.000000  0.000000  0.000000         0
$ (Color) 0.662745 0.662745 0.662745
$           ABSCISSA            ORDINATE
    3.750000000000E+00    -3.673940397431E-18
    3.748458666867E+00    -3.196510508532E-03
    3.743844170298E+00    -1.270998077045E-02
    3.736184960199E+00    -2.831388224697E-02
    3.725528258148E+00    -4.963615697434E-02
    3.711939766256E+00    -7.616735534277E-02
    3.695503262094E+00    -1.072718391893E-01
    3.676320082177E+00    -1.422018672926E-01
    3.654508497187E+00    -1.801143352090E-01
    3.630202982800E+00    -2.200898974894E-01
    3.603553390593E+00    -2.611541546853E-01
    3.574724024165E+00    -3.023005368548E-01
    3.543892626146E+00    -3.425144569115E-01
    3.511249282358E+00    -3.807982404160E-01
    3.476995249870E+00    -4.161962655818E-01
    3.441341716183E+00    -4.478196742908E-01
    3.404508497187E+00    -4.748699511726E-01
    3.366722681928E+00    -4.966606252262E-01
    3.328217232520E+00    -5.126363395161E-01
    3.289229547864E+00    -5.223885698181E-01
    3.250000000000E+00    -5.256673589511E-01
    3.210770452136E+00    -5.223885698180E-01
    3.171782767480E+00    -5.126363395155E-01
    3.133277318072E+00    -4.966606252182E-01
    3.095491502813E+00    -4.748699510733E-01
    3.058658283817E+00    -4.478196731335E-01
    3.023004750130E+00    -4.161962531165E-01
    2.988750717642E+00    -3.807981181069E-01
    2.956107373854E+00    -3.425133790069E-01
    2.925275975835E+00    -3.022921182383E-01
    2.896446609407E+00    -2.610966191212E-01
    2.869797017200E+00    -2.197498644646E-01
    2.845491502813E+00    -1.783954858468E-01
    2.823679917823E+00    -1.348440688934E-01
    2.804496737906E+00    -8.083814692532E-02
    2.788060233744E+00     2.908403266883E-03
    2.774471741852E+00     1.460096314108E-01
    2.763815039801E+00     3.698057826132E-01
    2.756155829702E+00     6.506823939152E-01
    2.751541333133E+00     8.991510218796E-01
    2.750000000000E+00     1.000000000000E+00
    2.751541333133E+00     9.027407205275E-01
    2.756155829702E+00     6.649527982128E-01
    2.763815039801E+00     4.015849051417E-01
    2.774471741852E+00     2.016943620006E-01
    2.788060233744E+00     8.830699633980E-02
    2.804496737906E+00     3.935090914344E-02
    2.823679917823E+00     2.435539402206E-02
    2.845491502813E+00     2.307376208162E-02
    2.869797017200E+00     2.620772425052E-02
    2.896446609407E+00     3.047241555597E-02
    2.925275975835E+00     3.488836240088E-02
    2.956107373854E+00     3.915544241892E-02
    2.988750717642E+00     4.314048833190E-02
    3.023004750130E+00     4.675276016901E-02
    3.058658283817E+00     4.991980314784E-02
    3.095491502813E+00     5.258338769109E-02
    3.133277318072E+00     5.469832160754E-02
    3.171782767480E+00     5.623132554119E-02
    3.210770452136E+00     5.715980088828E-02
    3.250000000000E+00     5.747071040314E-02
    3.289229547864E+00     5.715980088823E-02
    3.328217232520E+00     5.623132554058E-02
    3.366722681928E+00     5.469832159954E-02
    3.404508497187E+00     5.258338759178E-02
    3.441341716183E+00     4.991980199059E-02
    3.476995249870E+00     4.675274770371E-02
    3.511249282358E+00     4.314036602282E-02
    3.543892626146E+00     3.915436451433E-02
    3.574724024165E+00     3.487994378439E-02
    3.603553390593E+00     3.041487999178E-02
    3.630202982800E+00     2.586769122573E-02
    3.654508497187E+00     2.135491271945E-02
    3.676320082177E+00     1.699759562284E-02
    3.695503262094E+00     1.291721687943E-02
    3.711939766256E+00     9.231237730150E-03
    3.725528258148E+00     6.048573615489E-03
    3.736184960199E+00     3.465240281530E-03
    3.743844170298E+00     1.560423527106E-03
    3.748458666867E+00     3.931881394169E-04
    3.750000000000E+00    -3.673940397431E-18
*END
