*KEYWORD
*DEFINE_CURVE_TITLE
DEFAULT_PLANE_ZX Cp curve
$     LCID      SIDR       SFA       SFO      OFFA      OFFO    DATTYP
       401         0  1.000000  1.000000  0.000000  0.000000         0
$ (Color) 0.662745 0.662745 0.662745
$           ABSCISSA            ORDINATE
    3.812500000000E+00    -3.673940397431E-18
    3.810573333583E+00    -5.485121172173E-03
    3.804805212872E+00    -2.180807023501E-02
    3.795231200249E+00    -4.857464668229E-02
    3.781910322684E+00    -8.513793044568E-02
    3.764924707820E+00    -1.306131876909E-01
    3.744379077618E+00    -1.838983146538E-01
    3.720400102721E+00    -2.436994090661E-01
    3.693135621484E+00    -3.085609582892E-01
    3.662753728500E+00    -3.769000410535E-01
    3.629441738242E+00    -4.470438539031E-01
    3.593405030206E+00    -5.172697917261E-01
    3.554865782683E+00    -5.858472322668E-01
    3.514061602947E+00    -6.510800970780E-01
    3.471244062337E+00    -7.113491885528E-01
    3.426677145228E+00    -7.651532403781E-01
    3.380635621484E+00    -8.111475761368E-01
    3.333403352410E+00    -8.481792592264E-01
    3.285271540650E+00    -8.753176484870E-01
    3.236536934830E+00    -8.918793575899E-01
    3.187500000000E+00    -8.974467573866E-01
    3.138463065170E+00    -8.918793575899E-01
    3.089728459350E+00    -8.753176484864E-01
    3.041596647590E+00    -8.481792592184E-01
    2.994364378516E+00    -8.111475760375E-01
    2.948322854772E+00    -7.651532392208E-01
    2.903755937663E+00    -7.113491760875E-01
    2.860938397053E+00    -6.510799747689E-01
    2.820134217317E+00    -5.858461543622E-01
    2.781594969794E+00    -5.172613731096E-01
    2.745558261758E+00    -4.469863183389E-01
    2.712246271500E+00    -3.765600080287E-01
    2.681864378516E+00    -3.068421089270E-01
    2.654599897279E+00    -2.363416106669E-01
    2.630620922382E+00    -1.574646223898E-01
    2.610075292180E+00    -5.153742908126E-02
    2.593089677316E+00     1.105078579394E-01
    2.579768799751E+00     3.495450181778E-01
    2.570194787128E+00     6.415843044507E-01
    2.564426666417E+00     8.968624112159E-01
    2.562500000000E+00     1.000000000000E+00
    2.564426666417E+00     9.031445929976E-01
    2.570194787128E+00     6.665583434124E-01
    2.579768799751E+00     4.051603341597E-01
    2.593089677316E+00     2.079593808485E-01
    2.610075292180E+00     9.791508440124E-02
    2.630620922382E+00     5.287322834305E-02
    2.654599897279E+00     4.226672492326E-02
    2.681864378516E+00     4.574081321342E-02
    2.712246271500E+00     5.388010252654E-02
    2.745558261758E+00     6.327648012380E-02
    2.781594969794E+00     7.282411326053E-02
    2.820134217317E+00     8.209652042279E-02
    2.860938397053E+00     9.083728656638E-02
    2.903755937663E+00     9.883857010507E-02
    2.948322854772E+00     1.059198442221E-01
    2.994364378516E+00     1.119264979789E-01
    3.041596647590E+00     1.167310217252E-01
    3.089728459350E+00     1.202339094772E-01
    3.138463065170E+00     1.223640575539E-01
    3.187500000000E+00     1.230788395388E-01
    3.236536934830E+00     1.223640575539E-01
    3.285271540650E+00     1.202339094766E-01
    3.333403352410E+00     1.167310217172E-01
    3.380635621484E+00     1.119264978796E-01
    3.426677145228E+00     1.059198430648E-01
    3.471244062337E+00     9.883855763977E-02
    3.514061602947E+00     9.083716425729E-02
    3.554865782683E+00     8.209544251820E-02
    3.593405030206E+00     7.281569464404E-02
    3.629441738242E+00     6.321894455962E-02
    3.662753728500E+00     5.354006950175E-02
    3.693135621484E+00     4.402196385125E-02
    3.720400102721E+00     3.490892652404E-02
    3.744379077618E+00     2.643953607905E-02
    3.764924707820E+00     1.883932579159E-02
    3.781910322684E+00     1.231359246337E-02
    3.795231200249E+00     7.040669299528E-03
    3.804805212872E+00     3.165968726735E-03
    3.810573333583E+00     7.970606094712E-04
    3.812500000000E+00    -3.673940397431E-18
*END
