*KEYWORD
*DEFINE_CURVE_TITLE
DEFAULT_PLANE_ZX Cp curve
$     LCID      SIDR       SFA       SFO      OFFA      OFFO    DATTYP
       501         0  1.000000  1.000000  0.000000  0.000000         0
$ (Color) 0.662745 0.662745 0.662745
$           ABSCISSA            ORDINATE
    3.812500000000E+00    -3.673940397431E-18
    3.810573333583E+00    -1.268255604013E-03
    3.804805212872E+00    -5.044441187635E-03
    3.795231200249E+00    -1.124329920182E-02
    3.781910322684E+00    -1.972435506640E-02
    3.764924707820E+00    -3.029435259755E-02
    3.744379077618E+00    -4.271067136915E-02
    3.720400102721E+00    -5.668573480643E-02
    3.693135621484E+00    -7.189241924125E-02
    3.662753728500E+00    -8.797047097024E-02
    3.629441738242E+00    -1.045339265658E-01
    3.593405030206E+00    -1.211795071349E-01
    3.554865782683E+00    -1.374959166402E-01
    3.514061602947E+00    -1.530739166632E-01
    3.471244062337E+00    -1.675169771630E-01
    3.426677145228E+00    -1.804522207970E-01
    3.380635621484E+00    -1.915412968416E-01
    3.333403352410E+00    -2.004907520324E-01
    3.285271540650E+00    -2.070614228599E-01
    3.236536934830E+00    -2.110763684836E-01
    3.187500000000E+00    -2.124269027121E-01
    3.138463065170E+00    -2.110763684835E-01
    3.089728459350E+00    -2.070614228593E-01
    3.041596647590E+00    -2.004907520244E-01
    2.994364378516E+00    -1.915412967423E-01
    2.948322854772E+00    -1.804522196397E-01
    2.903755937663E+00    -1.675169646976E-01
    2.860938397053E+00    -1.530737943541E-01
    2.820134217317E+00    -1.374948387356E-01
    2.781594969794E+00    -1.211710885184E-01
    2.745558261758E+00    -1.044763910017E-01
    2.712246271500E+00    -8.763043794545E-02
    2.681864378516E+00    -7.017356987908E-02
    2.654599897279E+00    -4.932793640721E-02
    2.630620922382E+00    -1.627697910514E-02
    2.610075292180E+00     4.878140601210E-02
    2.593089677316E+00     1.759214333187E-01
    2.579768799751E+00     3.868763656583E-01
    2.570194787128E+00     6.583479334981E-01
    2.564426666417E+00     9.010792767841E-01
    2.562500000000E+00     1.000000000000E+00
    2.564426666417E+00     9.024004402503E-01
    2.570194787128E+00     6.636000559335E-01
    2.579768799751E+00     3.985724493102E-01
    2.593089677316E+00     1.964158087227E-01
    2.610075292180E+00     8.021176056123E-02
    2.630620922382E+00     2.795776188105E-02
    2.654599897279E+00     9.264311818614E-03
    2.681864378516E+00     3.975776910848E-03
    2.712246271500E+00     2.892531335372E-03
    2.745558261758E+00     2.833551770173E-03
    2.781594969794E+00     2.925827744430E-03
    2.820134217317E+00     2.975700018100E-03
    2.860938397053E+00     2.953842963760E-03
    2.903755937663E+00     2.868179859807E-03
    2.948322854772E+00     2.737311354815E-03
    2.994364378516E+00     2.584213397375E-03
    3.041596647590E+00     2.433049867442E-03
    3.089728459350E+00     2.306340248922E-03
    3.138463065170E+00     2.222353593956E-03
    3.187500000000E+00     2.192982831551E-03
    3.236536934830E+00     2.222353593911E-03
    3.285271540650E+00     2.306340248308E-03
    3.333403352410E+00     2.433049859444E-03
    3.380635621484E+00     2.584213298064E-03
    3.426677145228E+00     2.737310197564E-03
    3.471244062337E+00     2.868167394502E-03
    3.514061602947E+00     2.953720654674E-03
    3.554865782683E+00     2.974622113504E-03
    3.593405030206E+00     2.917409127941E-03
    3.629441738242E+00     2.776016205987E-03
    3.662753728500E+00     2.552498310581E-03
    3.693135621484E+00     2.256927548675E-03
    3.720400102721E+00     1.906513419391E-03
    3.744379077618E+00     1.524069617050E-03
    3.764924707820E+00     1.136001951581E-03
    3.781910322684E+00     7.700203376167E-04
    3.795231200249E+00     4.527844500319E-04
    3.804805212872E+00     2.076812477855E-04
    3.810573333583E+00     5.290786214880E-05
    3.812500000000E+00    -3.673940397431E-18
*END
