*KEYWORD
*DEFINE_CURVE_TITLE
DEFAULT_PLANE_ZX Cp curve
$     LCID      SIDR       SFA       SFO      OFFA      OFFO    DATTYP
       402         0  1.000000  1.000000  0.000000  0.000000         0
$ (Color) 0.662745 0.662745 0.662745
$           ABSCISSA            ORDINATE
    3.875000000000E+00    -3.673940397431E-18
    3.872688000300E+00    -6.341183626084E-03
    3.865766255446E+00    -2.521124095193E-02
    3.854277440298E+00    -5.615325321251E-02
    3.838292387221E+00    -9.841748725230E-02
    3.817909649383E+00    -1.509788329208E-01
    3.793254893141E+00    -2.125607034396E-01
    3.764480123266E+00    -2.816649031787E-01
    3.731762745781E+00    -3.566068461710E-01
    3.695304474200E+00    -4.355553983977E-01
    3.655330085890E+00    -5.165765160536E-01
    3.612086036248E+00    -5.976797586830E-01
    3.565838939219E+00    -6.768666686860E-01
    3.516873923537E+00    -7.521799272664E-01
    3.465492874805E+00    -8.217521240680E-01
    3.412012574274E+00    -8.838529194492E-01
    3.356762745781E+00    -9.369333436312E-01
    3.300084022892E+00    -9.796659769972E-01
    3.242325848780E+00    -1.010979802071E+00
    3.183844321796E+00    -1.030088619437E+00
    3.125000000000E+00    -1.036512081688E+00
    3.066155678204E+00    -1.030088619437E+00
    3.007674151220E+00    -1.010979802071E+00
    2.949915977108E+00    -9.796659769892E-01
    2.893237254219E+00    -9.369333435319E-01
    2.837987425726E+00    -8.838529182919E-01
    2.784507125195E+00    -8.217521116027E-01
    2.733126076463E+00    -7.521798049574E-01
    2.684161060781E+00    -6.768655907814E-01
    2.637913963752E+00    -5.976713400665E-01
    2.594669914110E+00    -5.165189804894E-01
    2.554695525800E+00    -4.352153653729E-01
    2.518237254219E+00    -3.548879968089E-01
    2.485519876734E+00    -2.743071047794E-01
    2.456745106859E+00    -1.861270111756E-01
    2.432090350617E+00    -7.190307431120E-02
    2.411707612779E+00     9.722830113281E-02
    2.395722559702E+00     3.419664116476E-01
    2.384233744554E+00     6.381811337338E-01
    2.377311999700E+00     8.960063487620E-01
    2.375000000000E+00     1.000000000000E+00
    2.377311999700E+00     9.032956628424E-01
    2.384233744554E+00     6.671589029507E-01
    2.395722559702E+00     4.064977353121E-01
    2.411707612779E+00     2.103028320497E-01
    2.432090350617E+00     1.015090217948E-01
    2.456745106859E+00     5.793129695231E-02
    2.485519876734E+00     4.896651800195E-02
    2.518237254219E+00     5.421949931022E-02
    2.554695525800E+00     6.423104794022E-02
    2.594669914110E+00     7.554694991507E-02
    2.637913963752E+00     8.701410742938E-02
    2.684161060781E+00     9.815877390853E-02
    2.733126076463E+00     1.086784330702E-01
    2.784507125195E+00     1.183214410783E-01
    2.837987425726E+00     1.268668464111E-01
    2.893237254219E+00     1.341239863602E-01
    2.949915977108E+00     1.399345601554E-01
    3.007674151220E+00     1.441742895215E-01
    3.066155678204E+00     1.467539272916E-01
    3.125000000000E+00     1.476197791213E-01
    3.183844321796E+00     1.467539272916E-01
    3.242325848780E+00     1.441742895209E-01
    3.300084022892E+00     1.399345601474E-01
    3.356762745781E+00     1.341239862609E-01
    3.412012574274E+00     1.268668452538E-01
    3.465492874805E+00     1.183214286130E-01
    3.516873923537E+00     1.086783107611E-01
    3.565838939219E+00     9.815769600393E-02
    3.612086036248E+00     8.700568881289E-02
    3.655330085890E+00     7.548941435089E-02
    3.695304474200E+00     6.389101491543E-02
    3.731762745781E+00     5.250064994805E-02
    3.764480123266E+00     4.160871960273E-02
    3.793254893141E+00     3.149760468831E-02
    3.817909649383E+00     2.243326318511E-02
    3.838292387221E+00     1.465704366454E-02
    3.854277440298E+00     8.378070451920E-03
    3.865766255446E+00     3.766528265014E-03
    3.872688000300E+00     9.481304542789E-04
    3.875000000000E+00    -3.673940397431E-18
*END
