*KEYWORD
*DEFINE_CURVE_TITLE
DEFAULT_PLANE_ZX Cp curve
$     LCID      SIDR       SFA       SFO      OFFA      OFFO    DATTYP
       107         0  1.000000  1.000000  0.000000  0.000000         0
$ (Color) 0.662745 0.662745 0.662745
$           ABSCISSA            ORDINATE
    3.812500000000E+00    -3.673940397431E-18
    3.810573333583E+00    -1.971961972684E-03
    3.804805212872E+00    -7.841939076056E-03
    3.795231200249E+00    -1.747311766495E-02
    3.781910322684E+00    -3.064050803545E-02
    3.764924707820E+00    -4.703546089512E-02
    3.744379077618E+00    -6.627192608575E-02
    3.720400102721E+00    -8.789439239296E-02
    3.693135621484E+00    -1.113874317097E-01
    3.662753728500E+00    -1.361867527745E-01
    3.629441738242E+00    -1.616916455646E-01
    3.593405030206E+00    -1.872786633281E-01
    3.554865782683E+00    -2.123163421693E-01
    3.514061602947E+00    -2.361806970741E-01
    3.471244062337E+00    -2.582711604438E-01
    3.426677145228E+00    -2.780265504968E-01
    3.380635621484E+00    -2.949405818700E-01
    3.333403352410E+00    -3.085763715667E-01
    3.285271540650E+00    -3.185793629690E-01
    3.236536934830E+00    -3.246881001124E-01
    3.187500000000E+00    -3.267423407096E-01
    3.138463065170E+00    -3.246881001123E-01
    3.089728459350E+00    -3.185793629683E-01
    3.041596647590E+00    -3.085763715587E-01
    2.994364378516E+00    -2.949405817707E-01
    2.948322854772E+00    -2.780265493396E-01
    2.903755937663E+00    -2.582711479785E-01
    2.860938397053E+00    -2.361805747650E-01
    2.820134217317E+00    -2.123152642647E-01
    2.781594969794E+00    -1.872702447116E-01
    2.745558261758E+00    -1.616341100004E-01
    2.712246271500E+00    -1.358467197497E-01
    2.681864378516E+00    -1.096685823475E-01
    2.654599897279E+00    -8.053659399373E-02
    2.630620922382E+00    -3.983823382174E-02
    2.610075292180E+00     3.204029771453E-02
    2.593089677316E+00     1.650052803497E-01
    2.579768799751E+00     3.806465471952E-01
    2.570194787128E+00     6.555504356096E-01
    2.564426666417E+00     9.003755704154E-01
    2.562500000000E+00     1.000000000000E+00
    2.564426666417E+00     9.025246237271E-01
    2.570194787128E+00     6.640937320314E-01
    2.579768799751E+00     3.996718290390E-01
    2.593089677316E+00     1.983421886584E-01
    2.610075292180E+00     8.316607379021E-02
    2.630620922382E+00     3.211563036045E-02
    2.654599897279E+00     1.477172198094E-02
    2.681864378516E+00     1.094548499351E-02
    2.712246271500E+00     1.140128694789E-02
    2.745558261758E+00     1.292020806407E-02
    2.781594969794E+00     1.459038471970E-02
    2.820134217317E+00     1.617930452323E-02
    2.860938397053E+00     1.761974538922E-02
    2.903755937663E+00     1.888362396819E-02
    2.948322854772E+00     1.995631071362E-02
    2.994364378516E+00     2.083114604945E-02
    3.041596647590E+00     2.150698272644E-02
    3.089728459350E+00     2.198597673875E-02
    3.138463065170E+00     2.227148270492E-02
    3.187500000000E+00     2.236629541934E-02
    3.236536934830E+00     2.227148270487E-02
    3.285271540650E+00     2.198597673814E-02
    3.333403352410E+00     2.150698271844E-02
    3.380635621484E+00     2.083114595014E-02
    3.426677145228E+00     1.995630955637E-02
    3.471244062337E+00     1.888361150289E-02
    3.514061602947E+00     1.761962308013E-02
    3.554865782683E+00     1.617822661863E-02
    3.593405030206E+00     1.458196610321E-02
    3.629441738242E+00     1.286267249988E-02
    3.662753728500E+00     1.106125392309E-02
    3.693135621484E+00     9.226635631337E-03
    3.720400102721E+00     7.413923581719E-03
    3.744379077618E+00     5.681938096450E-03
    3.764924707820E+00     4.090315180565E-03
    3.781910322684E+00     2.696400273331E-03
    3.795231200249E+00     1.552164178821E-03
    3.804805212872E+00     7.013573457420E-04
    3.810573333583E+00     1.770913389731E-04
    3.812500000000E+00    -3.673940397431E-18
*END
