*KEYWORD
*DEFINE_CURVE_TITLE
DEFAULT_PLANE_ZX Cp curve
$     LCID      SIDR       SFA       SFO      OFFA      OFFO    DATTYP
       404         0  1.000000  1.000000  0.000000  0.000000         0
$ (Color) 0.662745 0.662745 0.662745
$           ABSCISSA            ORDINATE
    4.000000000000E+00    -3.673940397431E-18
    3.996917333733E+00    -7.026033589212E-03
    3.987688340595E+00    -2.793377752547E-02
    3.972369920398E+00    -6.221613843669E-02
    3.951056516295E+00    -1.090411326976E-01
    3.923879532511E+00    -1.672713491048E-01
    3.891006524188E+00    -2.354906144682E-01
    3.852640164354E+00    -3.120372984687E-01
    3.809016994375E+00    -3.950435564765E-01
    3.760405965600E+00    -4.824796842730E-01
    3.707106781187E+00    -5.722026457740E-01
    3.649448048330E+00    -6.620077322485E-01
    3.587785252292E+00    -7.496822178213E-01
    3.522498564716E+00    -8.330597914172E-01
    3.453990499740E+00    -9.100744724802E-01
    3.382683432365E+00    -9.788126627061E-01
    3.309016994375E+00    -1.037561957627E+00
    3.233445363856E+00    -1.084855351214E+00
    3.156434465040E+00    -1.119509524938E+00
    3.078459095728E+00    -1.140656028915E+00
    3.000000000000E+00    -1.147764341128E+00
    2.921540904272E+00    -1.140656028915E+00
    2.843565534960E+00    -1.119509524938E+00
    2.766554636144E+00    -1.084855351206E+00
    2.690983005625E+00    -1.037561957527E+00
    2.617316567635E+00    -9.788126615488E-01
    2.546009500260E+00    -9.100744600149E-01
    2.477501435284E+00    -8.330596691081E-01
    2.412214747708E+00    -7.496811399167E-01
    2.350551951670E+00    -6.619993136320E-01
    2.292893218813E+00    -5.721451102098E-01
    2.239594034400E+00    -4.821396512482E-01
    2.190983005625E+00    -3.933247071144E-01
    2.147359835646E+00    -3.046795000695E-01
    2.108993475812E+00    -2.090569222042E-01
    2.076120467489E+00    -8.819559049514E-02
    2.048943483705E+00     8.660465568752E-02
    2.027630079602E+00     3.359035264234E-01
    2.012311659405E+00     6.354585971602E-01
    2.003082666267E+00     8.953214987989E-01
    2.000000000000E+00     1.000000000000E+00
    2.003082666267E+00     9.034165187182E-01
    2.012311659405E+00     6.676393505813E-01
    2.027630079602E+00     4.075676562340E-01
    2.048943483705E+00     2.121775930106E-01
    2.076120467489E+00     1.043841717096E-01
    2.108993475812E+00     6.197775183972E-02
    2.147359835646E+00     5.432635246490E-02
    2.190983005625E+00     6.100244818766E-02
    2.239594034400E+00     7.251180427116E-02
    2.292893218813E+00     8.536332574809E-02
    2.350551951670E+00     9.836610276447E-02
    2.412214747708E+00     1.110085766971E-01
    2.477501435284E+00     1.229513502733E-01
    2.546009500260E+00     1.339077378570E-01
    2.617316567635E+00     1.436244481623E-01
    2.690983005625E+00     1.518819770653E-01
    2.766554636144E+00     1.584973908995E-01
    2.843565534960E+00     1.633265935569E-01
    2.921540904272E+00     1.662658230818E-01
    3.000000000000E+00     1.672525307874E-01
    3.078459095728E+00     1.662658230818E-01
    3.156434465040E+00     1.633265935563E-01
    3.233445363856E+00     1.584973908915E-01
    3.309016994375E+00     1.518819769660E-01
    3.382683432365E+00     1.436244470051E-01
    3.453990499740E+00     1.339077253917E-01
    3.522498564716E+00     1.229512279642E-01
    3.587785252292E+00     1.110074987925E-01
    3.649448048330E+00     9.835768414798E-02
    3.707106781187E+00     8.530579018390E-02
    3.760405965600E+00     7.217177124637E-02
    3.809016994375E+00     5.928359882549E-02
    3.852640164354E+00     4.696855406568E-02
    3.891006524188E+00     3.554405957572E-02
    3.923879532511E+00     2.530841309992E-02
    3.951056516295E+00     1.653180462547E-02
    3.972369920398E+00     9.447991373833E-03
    3.987688340595E+00     4.246975895638E-03
    3.996917333733E+00     1.068986330125E-03
    4.000000000000E+00    -3.673940397431E-18
*END
