*KEYWORD
*DEFINE_CURVE_TITLE
DEFAULT_PLANE_ZX Cp curve
$     LCID      SIDR       SFA       SFO      OFFA      OFFO    DATTYP
       303         0  1.000000  1.000000  0.000000  0.000000         0
$ (Color) 0.662745 0.662745 0.662745
$           ABSCISSA            ORDINATE
    3.937500000000E+00    -3.673940397431E-18
    3.934802667016E+00    -5.094258525694E-03
    3.926727298021E+00    -2.025424398465E-02
    3.913323680348E+00    -4.511439189423E-02
    3.894674451758E+00    -7.907472478377E-02
    3.870894590947E+00    -1.213146021082E-01
    3.842130708665E+00    -1.708115858946E-01
    3.808560143810E+00    -2.263650505319E-01
    3.770389870078E+00    -2.866240741236E-01
    3.727855219900E+00    -3.501190648560E-01
    3.681218433538E+00    -4.152964968957E-01
    3.630767042289E+00    -4.805560539089E-01
    3.576812095756E+00    -5.442894024177E-01
    3.519686244126E+00    -6.049197415975E-01
    3.459741687272E+00    -6.609412032973E-01
    3.397348003319E+00    -7.109571119461E-01
    3.332889870078E+00    -7.537160677840E-01
    3.266764693374E+00    -7.881447999997E-01
    3.199380156910E+00    -8.133767607227E-01
    3.131151708762E+00    -8.287755062217E-01
    3.062500000000E+00    -8.339520433719E-01
    2.993848291238E+00    -8.287755062216E-01
    2.925619843090E+00    -8.133767607221E-01
    2.858235306626E+00    -7.881447999917E-01
    2.792110129922E+00    -7.537160676847E-01
    2.727651996681E+00    -7.109571107888E-01
    2.665258312728E+00    -6.609411908320E-01
    2.605313755874E+00    -6.049196192884E-01
    2.548187904244E+00    -5.442883245131E-01
    2.494232957711E+00    -4.805476352924E-01
    2.443781566462E+00    -4.152389613316E-01
    2.397144780100E+00    -3.497790318313E-01
    2.354610129922E+00    -2.849052247614E-01
    2.316439856190E+00    -2.190072521327E-01
    2.282869291335E+00    -1.443778936306E-01
    2.254105409053E+00    -4.223884349856E-02
    2.230325548242E+00     1.165710636013E-01
    2.211676319652E+00     3.530052729659E-01
    2.198272701979E+00     6.431381307010E-01
    2.190197332984E+00     8.972532738624E-01
    2.187500000000E+00     1.000000000000E+00
    2.190197332984E+00     9.030756172365E-01
    2.198272701979E+00     6.662841387800E-01
    2.211676319652E+00     4.045497009618E-01
    2.230325548242E+00     2.068894033787E-01
    2.254105409053E+00     9.627415753370E-02
    2.282869291335E+00     5.056380562085E-02
    2.316439856190E+00     3.920772047605E-02
    2.354610129922E+00     4.186959836067E-02
    2.397144780100E+00     4.915404790346E-02
    2.443781566462E+00     5.767400535780E-02
    2.494232957711E+00     6.634521835160E-02
    2.548187904244E+00     7.476278574354E-02
    2.605313755874E+00     8.269134148158E-02
    2.665258312728E+00     8.994304329527E-02
    2.727651996681E+00     9.635582155760E-02
    2.792110129922E+00     1.017915259166E-01
    2.858235306626E+00     1.061367053911E-01
    2.925619843090E+00     1.093031645776E-01
    2.993848291238E+00     1.112280837830E-01
    3.062500000000E+00     1.118738900068E-01
    3.131151708762E+00     1.112280837830E-01
    3.199380156910E+00     1.093031645770E-01
    3.266764693374E+00     1.061367053831E-01
    3.332889870078E+00     1.017915258173E-01
    3.397348003319E+00     9.635582040035E-02
    3.459741687272E+00     8.994303082997E-02
    3.519686244126E+00     8.269121917249E-02
    3.576812095756E+00     7.476170783894E-02
    3.630767042289E+00     6.633679973511E-02
    3.681218433538E+00     5.761646979362E-02
    3.727855219900E+00     4.881401487867E-02
    3.770389870078E+00     4.015074899850E-02
    3.808560143810E+00     3.184992207683E-02
    3.842130708665E+00     2.413011335684E-02
    3.870894590947E+00     1.719839892405E-02
    3.894674451758E+00     1.124361499362E-02
    3.913323680348E+00     6.430036101634E-03
    3.926727298021E+00     2.891764094318E-03
    3.934802667016E+00     7.280848483278E-04
    3.937500000000E+00    -3.673940397431E-18
*END
