*KEYWORD
*DEFINE_CURVE_TITLE
DEFAULT_PLANE_ZX Cp curve
$     LCID      SIDR       SFA       SFO      OFFA      OFFO    DATTYP
       400         0  1.000000  1.000000  0.000000  0.000000         0
$ (Color) 0.662745 0.662745 0.662745
$           ABSCISSA            ORDINATE
    3.750000000000E+00    -3.673940397431E-18
    3.748458666867E+00    -4.286633736699E-03
    3.743844170298E+00    -1.704363123133E-02
    3.736184960199E+00    -3.796459753998E-02
    3.725528258148E+00    -6.654655091642E-02
    3.711939766256E+00    -1.021012843690E-01
    3.695503262094E+00    -1.437709703537E-01
    3.676320082177E+00    -1.905477173085E-01
    3.654508497187E+00    -2.412967152545E-01
    3.630202982800E+00    -2.947825407717E-01
    3.603553390593E+00    -3.496981268924E-01
    3.574724024165E+00    -4.046958379865E-01
    3.543892626146E+00    -4.584200212800E-01
    3.511249282358E+00    -5.095403348142E-01
    3.476995249870E+00    -5.567850788315E-01
    3.441341716183E+00    -5.989736896785E-01
    3.404508497187E+00    -6.350475016446E-01
    3.366722681928E+00    -6.640978543472E-01
    3.328217232520E+00    -6.853906334693E-01
    3.289229547864E+00    -6.983863910039E-01
    3.250000000000E+00    -7.027553033651E-01
    3.210770452136E+00    -6.983863910039E-01
    3.171782767480E+00    -6.853906334687E-01
    3.133277318072E+00    -6.640978543392E-01
    3.095491502813E+00    -6.350475015453E-01
    3.058658283817E+00    -5.989736885213E-01
    3.023004750130E+00    -5.567850663662E-01
    2.988750717642E+00    -5.095402125051E-01
    2.956107373854E+00    -4.584189433754E-01
    2.925275975835E+00    -4.046874193700E-01
    2.896446609407E+00    -3.496405913282E-01
    2.869797017200E+00    -2.944425077469E-01
    2.845491502813E+00    -2.395778658924E-01
    2.823679917823E+00    -1.831899189092E-01
    2.804496737906E+00    -1.173372780897E-01
    2.788060233744E+00    -2.302552575936E-02
    2.774471741852E+00     1.290992374687E-01
    2.763815039801E+00     3.601550673202E-01
    2.756155829702E+00     6.463487434544E-01
    2.751541333133E+00     8.980608986514E-01
    2.750000000000E+00     1.000000000000E+00
    2.751541333133E+00     9.029330952149E-01
    2.756155829702E+00     6.657175600588E-01
    2.763815039801E+00     4.032879725463E-01
    2.774471741852E+00     2.046785491669E-01
    2.788060233744E+00     9.288357205031E-02
    2.804496737906E+00     4.579193229009E-02
    2.823679917823E+00     3.288701461309E-02
    2.845491502813E+00     3.387065267790E-02
    2.869797017200E+00     3.938877894739E-02
    2.896446609407E+00     4.609782241603E-02
    2.925275975835E+00     5.295812142413E-02
    2.956107373854E+00     5.960936554276E-02
    2.988750717642E+00     6.585968146100E-02
    3.023004750130E+00     7.156255074249E-02
    3.058658283817E+00     7.659404115745E-02
    3.095491502813E+00     8.085001424497E-02
    3.133277318072E+00     8.424606792301E-02
    3.171782767480E+00     8.671737741528E-02
    3.210770452136E+00     8.821823992108E-02
    3.250000000000E+00     8.872152412326E-02
    3.289229547864E+00     8.821823992103E-02
    3.328217232520E+00     8.671737741466E-02
    3.366722681928E+00     8.424606791501E-02
    3.404508497187E+00     8.085001414566E-02
    3.441341716183E+00     7.659404000020E-02
    3.476995249870E+00     7.156253827718E-02
    3.511249282358E+00     6.585955915191E-02
    3.543892626146E+00     5.960828763817E-02
    3.574724024165E+00     5.294970280764E-02
    3.603553390593E+00     4.604028685184E-02
    3.630202982800E+00     3.904874592260E-02
    3.654508497187E+00     3.215180331572E-02
    3.676320082177E+00     2.552921621387E-02
    3.695503262094E+00     1.935824002608E-02
    3.711939766256E+00     1.380781344066E-02
    3.725528258148E+00     9.032760781738E-03
    3.736184960199E+00     5.168307686179E-03
    3.743844170298E+00     2.325185373143E-03
    3.748458666867E+00     5.855628267403E-04
    3.750000000000E+00    -3.673940397431E-18
*END
