*KEYWORD
*DEFINE_CURVE_TITLE
DEFAULT_PLANE_ZX Cp curve
$     LCID      SIDR       SFA       SFO      OFFA      OFFO    DATTYP
       200         0  1.000000  1.000000  0.000000  0.000000         0
$ (Color) 0.662745 0.662745 0.662745
$           ABSCISSA            ORDINATE
    3.750000000000E+00    -3.673940397431E-18
    3.748458666867E+00    -2.105198230282E-03
    3.743844170298E+00    -8.371603387599E-03
    3.736184960199E+00    -1.865264045243E-02
    3.725528258148E+00    -3.270731804842E-02
    3.711939766256E+00    -5.020513892691E-02
    3.695503262094E+00    -7.073289665885E-02
    3.676320082177E+00    -9.380328412194E-02
    3.654508497187E+00    -1.188652205849E-01
    3.630202982800E+00    -1.453157833317E-01
    3.603553390593E+00    -1.725136032891E-01
    3.574724024165E+00    -1.997935482199E-01
    3.543892626146E+00    -2.264824687430E-01
    3.511249282358E+00    -2.519157207941E-01
    3.476995249870E+00    -2.754541053197E-01
    3.441341716183E+00    -2.965007879140E-01
    3.404508497187E+00    -3.145176873060E-01
    3.366722681928E+00    -3.290407642282E-01
    3.328217232520E+00    -3.396936141064E-01
    3.289229547864E+00    -3.461987793037E-01
    3.250000000000E+00    -3.483862561585E-01
    3.210770452136E+00    -3.461987793037E-01
    3.171782767480E+00    -3.396936141058E-01
    3.133277318072E+00    -3.290407642202E-01
    3.095491502813E+00    -3.145176872067E-01
    3.058658283817E+00    -2.965007867568E-01
    3.023004750130E+00    -2.754540928544E-01
    2.988750717642E+00    -2.519155984850E-01
    2.956107373854E+00    -2.264813908384E-01
    2.925275975835E+00    -1.997851296034E-01
    2.896446609407E+00    -1.724560677249E-01
    2.869797017200E+00    -1.449757503069E-01
    2.845491502813E+00    -1.171463712227E-01
    2.823679917823E+00    -8.644548572272E-02
    2.804496737906E+00    -4.429920439484E-02
    2.788060233744E+00     2.887061968274E-02
    2.774471741852E+00     1.629384703367E-01
    2.763815039801E+00     3.794670244077E-01
    2.756155829702E+00     6.550207712981E-01
    2.751541333133E+00     9.002423341578E-01
    2.750000000000E+00     1.000000000000E+00
    2.751541333133E+00     9.025481360078E-01
    2.756155829702E+00     6.641872022041E-01
    2.763815039801E+00     3.998799801191E-01
    2.774471741852E+00     1.987069198372E-01
    2.788060233744E+00     8.372542873700E-02
    2.804496737906E+00     3.290286046159E-02
    2.823679917823E+00     1.581446758017E-02
    2.845491502813E+00     1.226509479502E-02
    2.869797017200E+00     1.301229234033E-02
    2.896446609407E+00     1.482996530956E-02
    2.925275975835E+00     1.679889381826E-02
    2.956107373854E+00     1.867920921271E-02
    2.988750717642E+00     2.039651428098E-02
    3.023004750130E+00     2.191590835805E-02
    3.058658283817E+00     2.321647025783E-02
    3.095491502813E+00     2.428592936168E-02
    3.133277318072E+00     2.511834613729E-02
    3.171782767480E+00     2.571202105712E-02
    3.210770452136E+00     2.606748491516E-02
    3.250000000000E+00     2.618580991033E-02
    3.289229547864E+00     2.606748491512E-02
    3.328217232520E+00     2.571202105651E-02
    3.366722681928E+00     2.511834612930E-02
    3.404508497187E+00     2.428592926237E-02
    3.441341716183E+00     2.321646910058E-02
    3.476995249870E+00     2.191589589275E-02
    3.511249282358E+00     2.039639197190E-02
    3.543892626146E+00     1.867813130812E-02
    3.574724024165E+00     1.679047520177E-02
    3.603553390593E+00     1.477242974538E-02
    3.630202982800E+00     1.267225931554E-02
    3.654508497187E+00     1.054624543284E-02
    3.676320082177E+00     8.456669180952E-03
    3.695503262094E+00     6.469168197586E-03
    3.711939766256E+00     4.649670127351E-03
    3.725528258148E+00     3.061131452091E-03
    3.736184960199E+00     1.760315258964E-03
    3.743844170298E+00     7.948275183673E-04
    3.748458666867E+00     2.006036197257E-04
    3.750000000000E+00    -3.673940397431E-18
*END
