*KEYWORD
*DEFINE_CURVE_TITLE
DEFAULT_PLANE_ZX Cp curve
$     LCID      SIDR       SFA       SFO      OFFA      OFFO    DATTYP
       500         0  1.000000  1.000000  0.000000  0.000000         0
$ (Color) 0.662745 0.662745 0.662745
$           ABSCISSA            ORDINATE
    3.750000000000E+00    -3.673940397431E-18
    3.748458666867E+00    -1.013931932511E-03
    3.743844170298E+00    -4.033408794470E-03
    3.736184960199E+00    -8.991805716928E-03
    3.725528258148E+00    -1.577919238866E-02
    3.711939766256E+00    -2.424401638232E-02
    3.695503262094E+00    -3.419549363096E-02
    3.676320082177E+00    -4.540674013845E-02
    3.654508497187E+00    -5.761868658204E-02
    3.630202982800E+00    -7.054481964665E-02
    3.603553390593E+00    -8.387678660289E-02
    3.574724024165E+00    -9.729087853258E-02
    3.543892626146E+00    -1.104553693735E-01
    3.511249282358E+00    -1.230386314052E-01
    3.476995249870E+00    -1.347178749752E-01
    3.441341716183E+00    -1.451882770863E-01
    3.404508497187E+00    -1.541721795934E-01
    3.366722681928E+00    -1.614279655914E-01
    3.328217232520E+00    -1.667581753272E-01
    3.289229547864E+00    -1.700164122292E-01
    3.250000000000E+00    -1.711126227862E-01
    3.210770452136E+00    -1.700164122291E-01
    3.171782767480E+00    -1.667581753266E-01
    3.133277318072E+00    -1.614279655834E-01
    3.095491502813E+00    -1.541721794941E-01
    3.058658283817E+00    -1.451882759290E-01
    3.023004750130E+00    -1.347178625099E-01
    2.988750717642E+00    -1.230385090962E-01
    2.956107373854E+00    -1.104542914689E-01
    2.925275975835E+00    -9.728245991609E-02
    2.896446609407E+00    -8.381925103870E-02
    2.869797017200E+00    -7.020478662186E-02
    2.845491502813E+00    -5.589983721987E-02
    2.823679917823E+00    -3.804894173923E-02
    2.804496737906E+00    -7.761801366957E-03
    2.788060233744E+00     5.483174222733E-02
    2.774471741852E+00     1.798665959965E-01
    2.763815039801E+00     3.891278591432E-01
    2.756155829702E+00     6.593589658912E-01
    2.751541333133E+00     9.013336004556E-01
    2.750000000000E+00     1.000000000000E+00
    2.751541333133E+00     9.023555596024E-01
    2.756155829702E+00     6.634216384523E-01
    2.763815039801E+00     3.981751269305E-01
    2.774471741852E+00     1.957196035443E-01
    2.788060233744E+00     7.914405417031E-02
    2.804496737906E+00     2.645508345667E-02
    2.823679917823E+00     7.273900994853E-03
    2.845491502813E+00     1.456882912163E-03
    2.869797017200E+00    -1.825836040840E-04
    2.896446609407E+00    -8.118258703472E-04
    2.925275975835E+00    -1.289812597155E-03
    2.956107373854E+00    -1.796161264255E-03
    2.988750717642E+00    -2.346501493520E-03
    3.023004750130E+00    -2.919896996848E-03
    3.058658283817E+00    -3.485737535303E-03
    3.095491502813E+00    -4.010336705241E-03
    3.133277318072E+00    -4.460383033912E-03
    3.171782767480E+00    -4.805997550971E-03
    3.210770452136E+00    -5.023521039172E-03
    3.250000000000E+00    -5.097772449489E-03
    3.289229547864E+00    -5.023521039217E-03
    3.328217232520E+00    -4.805997551585E-03
    3.366722681928E+00    -4.460383041910E-03
    3.404508497187E+00    -4.010336804551E-03
    3.441341716183E+00    -3.485738692554E-03
    3.476995249870E+00    -2.919909462153E-03
    3.511249282358E+00    -2.346623802605E-03
    3.543892626146E+00    -1.797239168851E-03
    3.574724024165E+00    -1.298231213644E-03
    3.603553390593E+00    -8.693614345328E-04
    3.630202982800E+00    -5.226166288752E-04
    3.654508497187E+00    -2.619664500101E-04
    3.676320082177E+00    -8.389740436959E-05
    3.695503262094E+00     2.139119266472E-05
    3.711939766256E+00     6.829556065877E-05
    3.725528258148E+00     7.381515919178E-05
    3.736184960199E+00     5.546207034564E-05
    3.743844170298E+00     2.926376663866E-05
    3.748458666867E+00     8.027214236611E-06
    3.750000000000E+00    -3.673940397431E-18
*END
