*KEYWORD
*DEFINE_CURVE_TITLE
DEFAULT_PLANE_ZX Cp curve
$     LCID      SIDR       SFA       SFO      OFFA      OFFO    DATTYP
       506         0  1.000000  1.000000  0.000000  0.000000         0
$ (Color) 0.662745 0.662745 0.662745
$           ABSCISSA            ORDINATE
    3.875000000000E+00    -3.673940397431E-18
    3.872688000300E+00    -1.449915369372E-03
    3.865766255446E+00    -5.766607182753E-03
    3.854277440298E+00    -1.285150883388E-02
    3.838292387221E+00    -2.254232840764E-02
    3.817909649383E+00    -3.461602132271E-02
    3.793254893141E+00    -4.879294118214E-02
    3.764480123266E+00    -6.474215956927E-02
    3.731762745781E+00    -8.208794256926E-02
    3.695304474200E+00    -1.004173647728E-01
    3.655330085890E+00    -1.192890265394E-01
    3.612086036248E+00    -1.382428132794E-01
    3.565838939219E+00    -1.568105932593E-01
    3.516873923537E+00    -1.745276918474E-01
    3.465492874805E+00    -1.909449072970E-01
    3.412012574274E+00    -2.056407520189E-01
    3.356762745781E+00    -2.182335234474E-01
    3.300084022892E+00    -2.283927423474E-01
    3.242325848780E+00    -2.358494568119E-01
    3.183844321796E+00    -2.404049086653E-01
    3.125000000000E+00    -2.419371026592E-01
    3.066155678204E+00    -2.404049086652E-01
    3.007674151220E+00    -2.358494568113E-01
    2.949915977108E+00    -2.283927423394E-01
    2.893237254219E+00    -2.182335233481E-01
    2.837987425726E+00    -2.056407508616E-01
    2.784507125195E+00    -1.909448948317E-01
    2.733126076463E+00    -1.745275695383E-01
    2.684161060781E+00    -1.568095153547E-01
    2.637913963752E+00    -1.382343946629E-01
    2.594669914110E+00    -1.192314909752E-01
    2.554695525800E+00    -1.000773317480E-01
    2.518237254219E+00    -8.036909320709E-02
    2.485519876734E+00    -5.738436117005E-02
    2.456745106859E+00    -2.235924891813E-02
    2.432090350617E+00     4.445973728694E-02
    2.411707612779E+00     1.731034599775E-01
    2.395722559702E+00     3.852681560263E-01
    2.384233744554E+00     6.576257675029E-01
    2.377311999700E+00     9.008976170188E-01
    2.375000000000E+00     1.000000000000E+00
    2.377311999700E+00     9.024324978559E-01
    2.384233744554E+00     6.637274969914E-01
    2.395722559702E+00     3.988562510099E-01
    2.411707612779E+00     1.969130981359E-01
    2.432090350617E+00     8.097440798332E-02
    2.456745106859E+00     2.903110361276E-02
    2.485519876734E+00     1.068603383559E-02
    2.518237254219E+00     5.774986909908E-03
    2.554695525800E+00     5.089042006412E-03
    2.594669914110E+00     5.437392941973E-03
    2.637913963752E+00     5.936999416990E-03
    2.684161060781E+00     6.384172362640E-03
    2.733126076463E+00     6.739803290388E-03
    2.784507125195E+00     7.002520471703E-03
    2.837987425726E+00     7.182346276328E-03
    2.893237254219E+00     7.294606327815E-03
    2.949915977108E+00     7.356930511267E-03
    3.007674151220E+00     7.386581534561E-03
    3.066155678204E+00     7.397978331905E-03
    3.125000000000E+00     7.400665175151E-03
    3.183844321796E+00     7.397978331860E-03
    3.242325848780E+00     7.386581533947E-03
    3.300084022892E+00     7.356930503268E-03
    3.356762745781E+00     7.294606228504E-03
    3.412012574274E+00     7.182345119077E-03
    3.465492874805E+00     7.002508006398E-03
    3.516873923537E+00     6.739680981302E-03
    3.565838939219E+00     6.383094458044E-03
    3.612086036248E+00     5.928580800501E-03
    3.655330085890E+00     5.379857377788E-03
    3.695304474200E+00     4.749008981621E-03
    3.731762745781E+00     4.056137547736E-03
    3.764480123266E+00     3.328235436364E-03
    3.793254893141E+00     2.597411348755E-03
    3.817909649383E+00     1.898649373669E-03
    3.838292387221E+00     1.267309750777E-03
    3.854277440298E+00     7.365861498079E-04
    3.865766255446E+00     3.351223057475E-04
    3.872688000300E+00     8.496546780036E-05
    3.875000000000E+00    -3.673940397431E-18
*END
