*KEYWORD
*DEFINE_CURVE_TITLE
DEFAULT_PLANE_ZX section curve
$     LCID      SIDR       SFA       SFO      OFFA      OFFO    DATTYP
        22         0  1.000000  1.000000  0.000000  0.000000         0
$ (Color) 0.662745 0.662745 0.662745
$           ABSCISSA            ORDINATE
    3.750000000000E+00     1.000000000000E-01
    3.748458666867E+00     1.002238086360E-01
    3.743844170298E+00     1.008911863437E-01
    3.736184960199E+00     1.019901641693E-01
    3.725528258148E+00     1.035013622595E-01
    3.711939766256E+00     1.053987845137E-01
    3.695503262094E+00     1.076508216471E-01
    3.676320082177E+00     1.102213675758E-01
    3.654508497187E+00     1.130709456879E-01
    3.630202982800E+00     1.161577445241E-01
    3.603553390593E+00     1.194384764402E-01
    3.574724024165E+00     1.228689965290E-01
    3.543892626146E+00     1.264046499722E-01
    3.511249282358E+00     1.300003507979E-01
    3.476995249870E+00     1.336104299786E-01
    3.441341716183E+00     1.371883220930E-01
    3.404508497187E+00     1.406861838549E-01
    3.366722681928E+00     1.440545518438E-01
    3.328217232520E+00     1.472421489052E-01
    3.289229547864E+00     1.501959382585E-01
    3.250000000000E+00     1.528615020006E-01
    3.210770452136E+00     1.551837883186E-01
    3.171782767480E+00     1.571082323045E-01
    3.133277318072E+00     1.585822126020E-01
    3.095491502813E+00     1.595567644683E-01
    3.058658283817E+00     1.599884334813E-01
    3.023004750130E+00     1.598411269897E-01
    2.988750717642E+00     1.590878055932E-01
    2.956107373854E+00     1.577118564837E-01
    2.925275975835E+00     1.557080050631E-01
    2.896446609407E+00     1.530826501229E-01
    2.869797017200E+00     1.498535489259E-01
    2.845491502813E+00     1.460488284010E-01
    2.823679917823E+00     1.417053531067E-01
    2.804496737906E+00     1.368665348297E-01
    2.788060233744E+00     1.315797177727E-01
    2.774471741852E+00     1.258933127230E-01
    2.763815039801E+00     1.198538796345E-01
    2.756155829702E+00     1.135033681207E-01
    2.751541333133E+00     1.068767182394E-01
    2.750000000000E+00     1.000000000000E-01
    2.751541333133E+00     9.312328176062E-02
    2.756155829702E+00     8.649663187925E-02
    2.763815039801E+00     8.014612036552E-02
    2.774471741852E+00     7.410668727703E-02
    2.788060233744E+00     6.842028222729E-02
    2.804496737906E+00     6.313346517034E-02
    2.823679917823E+00     5.829464689331E-02
    2.845491502813E+00     5.395117159903E-02
    2.869797017200E+00     5.014645107412E-02
    2.896446609407E+00     4.691734987709E-02
    2.925275975835E+00     4.429199493686E-02
    2.956107373854E+00     4.228814351626E-02
    2.988750717642E+00     4.091219440685E-02
    3.023004750130E+00     4.015887301026E-02
    3.058658283817E+00     4.001156651873E-02
    3.095491502813E+00     4.044323553171E-02
    3.133277318072E+00     4.141778739796E-02
    3.171782767480E+00     4.289176769554E-02
    3.210770452136E+00     4.481621168140E-02
    3.250000000000E+00     4.713849799943E-02
    3.289229547864E+00     4.980406174149E-02
    3.328217232520E+00     5.275785109478E-02
    3.366722681928E+00     5.594544815620E-02
    3.404508497187E+00     5.931381614506E-02
    3.441341716183E+00     6.281167790698E-02
    3.476995249870E+00     6.638957002144E-02
    3.511249282358E+00     6.999964920206E-02
    3.543892626146E+00     7.359535002775E-02
    3.574724024165E+00     7.713100347104E-02
    3.603553390593E+00     8.056152355983E-02
    3.630202982800E+00     8.384225547594E-02
    3.654508497187E+00     8.692905431209E-02
    3.676320082177E+00     8.977863242417E-02
    3.695503262094E+00     9.234917835292E-02
    3.711939766256E+00     9.460121548632E-02
    3.725528258148E+00     9.649863774055E-02
    3.736184960199E+00     9.800983583066E-02
    3.743844170298E+00     9.910881365630E-02
    3.748458666867E+00     9.977619136404E-02
    3.750000000000E+00     1.000000000000E-01
*END
