*KEYWORD
*DEFINE_CURVE_TITLE
DEFAULT_PLANE_ZX section curve
$     LCID      SIDR       SFA       SFO      OFFA      OFFO    DATTYP
        29         0  1.000000  1.000000  0.000000  0.000000         0
$ (Color) 0.662745 0.662745 0.662745
$           ABSCISSA            ORDINATE
    3.812500000000E+00     7.500000000000E-02
    3.810573333583E+00     7.527976079495E-02
    3.804805212872E+00     7.611398292963E-02
    3.795231200249E+00     7.748770521168E-02
    3.781910322684E+00     7.937670282431E-02
    3.764924707820E+00     8.174848064210E-02
    3.744379077618E+00     8.456352705885E-02
    3.720400102721E+00     8.777670946978E-02
    3.693135621484E+00     9.133868210988E-02
    3.662753728500E+00     9.519718065507E-02
    3.629441738242E+00     9.929809555021E-02
    3.593405030206E+00     1.035862456612E-01
    3.554865782683E+00     1.080058124653E-01
    3.514061602947E+00     1.125004384974E-01
    3.471244062337E+00     1.170130374732E-01
    3.426677145228E+00     1.214854026163E-01
    3.380635621484E+00     1.258577298187E-01
    3.333403352410E+00     1.300681898048E-01
    3.285271540650E+00     1.340526861315E-01
    3.236536934830E+00     1.377449228231E-01
    3.187500000000E+00     1.410768775007E-01
    3.138463065170E+00     1.439797353983E-01
    3.089728459350E+00     1.463852903806E-01
    3.041596647590E+00     1.482277657525E-01
    2.994364378516E+00     1.494459555854E-01
    2.948322854772E+00     1.499855418516E-01
    2.903755937663E+00     1.498014087372E-01
    2.860938397053E+00     1.488597569914E-01
    2.820134217317E+00     1.471398206047E-01
    2.781594969794E+00     1.446350063289E-01
    2.745558261758E+00     1.413533126536E-01
    2.712246271500E+00     1.373169361573E-01
    2.681864378516E+00     1.325610355012E-01
    2.654599897279E+00     1.271316913834E-01
    2.630620922382E+00     1.210831685371E-01
    2.610075292180E+00     1.144746472159E-01
    2.593089677316E+00     1.073666409037E-01
    2.579768799751E+00     9.981734954310E-02
    2.570194787128E+00     9.187921015093E-02
    2.564426666417E+00     8.359589779923E-02
    2.562500000000E+00     7.500000000000E-02
    2.564426666417E+00     6.640410220077E-02
    2.570194787128E+00     5.812078984907E-02
    2.579768799751E+00     5.018265045690E-02
    2.593089677316E+00     4.263335909629E-02
    2.610075292180E+00     3.552535278411E-02
    2.630620922382E+00     2.891683146293E-02
    2.654599897279E+00     2.286830861664E-02
    2.681864378516E+00     1.743896449879E-02
    2.712246271500E+00     1.268306384265E-02
    2.745558261758E+00     8.646687346364E-03
    2.781594969794E+00     5.364993671076E-03
    2.820134217317E+00     2.860179395322E-03
    2.860938397053E+00     1.140243008559E-03
    2.903755937663E+00     1.985912628215E-04
    2.948322854772E+00     1.445814841501E-05
    2.994364378516E+00     5.540444146351E-04
    3.041596647590E+00     1.772234247456E-03
    3.089728459350E+00     3.614709619425E-03
    3.138463065170E+00     6.020264601745E-03
    3.187500000000E+00     8.923122499286E-03
    3.236536934830E+00     1.225507717686E-02
    3.285271540650E+00     1.594731386847E-02
    3.333403352410E+00     1.993181019525E-02
    3.380635621484E+00     2.414227018133E-02
    3.426677145228E+00     2.851459738373E-02
    3.471244062337E+00     3.298696252680E-02
    3.514061602947E+00     3.749956150257E-02
    3.554865782683E+00     4.199418753469E-02
    3.593405030206E+00     4.641375433880E-02
    3.629441738242E+00     5.070190444979E-02
    3.662753728500E+00     5.480281934493E-02
    3.693135621484E+00     5.866131789012E-02
    3.720400102721E+00     6.222329053022E-02
    3.744379077618E+00     6.543647294115E-02
    3.764924707820E+00     6.825151935790E-02
    3.781910322684E+00     7.062329717569E-02
    3.795231200249E+00     7.251229478832E-02
    3.804805212872E+00     7.388601707037E-02
    3.810573333583E+00     7.472023920505E-02
    3.812500000000E+00     7.500000000000E-02
*END
