*KEYWORD
*DEFINE_CURVE_TITLE
DEFAULT_PLANE_ZX section curve
$     LCID      SIDR       SFA       SFO      OFFA      OFFO    DATTYP
        24         0  1.000000  1.000000  0.000000  0.000000         0
$ (Color) 0.662745 0.662745 0.662745
$           ABSCISSA            ORDINATE
    3.875000000000E+00     5.000000000000E-02
    3.872688000300E+00     5.033571295394E-02
    3.865766255446E+00     5.133677951555E-02
    3.854277440298E+00     5.298524625401E-02
    3.838292387221E+00     5.525204338918E-02
    3.817909649383E+00     5.809817677052E-02
    3.793254893141E+00     6.147623247062E-02
    3.764480123266E+00     6.533205136374E-02
    3.731762745781E+00     6.960641853186E-02
    3.695304474200E+00     7.423661678609E-02
    3.655330085890E+00     7.915771466025E-02
    3.612086036248E+00     8.430349479344E-02
    3.565838939219E+00     8.960697495837E-02
    3.516873923537E+00     9.500052619691E-02
    3.465492874805E+00     1.004156449678E-01
    3.412012574274E+00     1.057824831395E-01
    3.356762745781E+00     1.110292757824E-01
    3.300084022892E+00     1.160818277657E-01
    3.242325848780E+00     1.208632233578E-01
    3.183844321796E+00     1.252939073878E-01
    3.125000000000E+00     1.292922530009E-01
    3.066155678204E+00     1.327756824779E-01
    3.007674151220E+00     1.356623484567E-01
    2.949915977108E+00     1.378733189031E-01
    2.893237254219E+00     1.393351467024E-01
    2.837987425726E+00     1.399826502219E-01
    2.784507125195E+00     1.397616904846E-01
    2.733126076463E+00     1.386317083897E-01
    2.684161060781E+00     1.365677847256E-01
    2.637913963752E+00     1.335620075947E-01
    2.594669914110E+00     1.296239751844E-01
    2.554695525800E+00     1.247803233888E-01
    2.518237254219E+00     1.190732426015E-01
    2.485519876734E+00     1.125580296600E-01
    2.456745106859E+00     1.052998022445E-01
    2.432090350617E+00     9.736957665906E-02
    2.411707612779E+00     8.883996908445E-02
    2.395722559702E+00     7.978081945172E-02
    2.384233744554E+00     7.025505218112E-02
    2.377311999700E+00     6.031507735907E-02
    2.375000000000E+00     5.000000000000E-02
    2.377311999700E+00     3.968492264093E-02
    2.384233744554E+00     2.974494781888E-02
    2.395722559702E+00     2.021918054828E-02
    2.411707612779E+00     1.116003091555E-02
    2.432090350617E+00     2.630423340936E-03
    2.456745106859E+00    -5.299802244487E-03
    2.485519876734E+00    -1.255802966003E-02
    2.518237254219E+00    -1.907324260145E-02
    2.554695525800E+00    -2.478032338882E-02
    2.594669914110E+00    -2.962397518436E-02
    2.637913963752E+00    -3.356200759471E-02
    2.684161060781E+00    -3.656778472561E-02
    2.733126076463E+00    -3.863170838973E-02
    2.784507125195E+00    -3.976169048461E-02
    2.837987425726E+00    -3.998265022190E-02
    2.893237254219E+00    -3.933514670244E-02
    2.949915977108E+00    -3.787331890305E-02
    3.007674151220E+00    -3.566234845669E-02
    3.066155678204E+00    -3.277568247791E-02
    3.125000000000E+00    -2.929225300086E-02
    3.183844321796E+00    -2.529390738776E-02
    3.242325848780E+00    -2.086322335784E-02
    3.300084022892E+00    -1.608182776570E-02
    3.356762745781E+00    -1.102927578241E-02
    3.412012574274E+00    -5.782483139523E-03
    3.465492874805E+00    -4.156449678416E-04
    3.516873923537E+00     4.999473803085E-03
    3.565838939219E+00     1.039302504163E-02
    3.612086036248E+00     1.569650520656E-02
    3.655330085890E+00     2.084228533975E-02
    3.695304474200E+00     2.576338321391E-02
    3.731762745781E+00     3.039358146814E-02
    3.764480123266E+00     3.466794863626E-02
    3.793254893141E+00     3.852376752938E-02
    3.817909649383E+00     4.190182322948E-02
    3.838292387221E+00     4.474795661082E-02
    3.854277440298E+00     4.701475374599E-02
    3.865766255446E+00     4.866322048445E-02
    3.872688000300E+00     4.966428704606E-02
    3.875000000000E+00     5.000000000000E-02
*END
