*KEYWORD
*DEFINE_CURVE_TITLE
SYNTHETIC VTAIL Cp
$ LCID SIDR SFA SFO OFFA OFFO DATTYP
 1 0 1.0 1.0 0 0 0
$ ABSCISSA ORDINATE
 8.206250000000E+00  0.000000000000E+00
 8.204631600210E+00 -8.434282146792E-04
 8.199786378812E+00 -3.360719835592E-03
 8.191744208209E+00 -7.513077922046E-03
 8.180554671055E+00 -1.323644547387E-02
 8.166286754568E+00 -2.044240347010E-02
 8.149028425199E+00 -2.901941062320E-02
 8.128886086286E+00 -3.883436764049E-02
 8.105983922047E+00 -4.973448427950E-02
 8.080463131940E+00 -6.154942328049E-02
 8.052481060123E+00 -7.409369141471E-02
 8.022210225373E+00 -8.716924445549E-02
 7.989837257454E+00 -1.005682699075E-01
 7.955561746476E+00 -1.140761088598E-01
 7.919595012363E+00 -1.274742763932E-01
 7.882158801992E+00 -1.405435386019E-01
 7.843483922047E+00 -1.530670034969E-01
 7.803808816024E+00 -1.648331828633E-01
 7.763378094146E+00 -1.756389825390E-01
 7.722441025257E+00 -1.852925795711E-01
 7.681250000000E+00 -1.936161462668E-01
 7.640058974743E+00 -2.004483832781E-01
 7.599121905854E+00 -2.056468264924E-01
 7.558691183976E+00 -2.090898956103E-01
 7.519016077953E+00 -2.106786555834E-01
 7.480341198008E+00 -2.103382635141E-01
 7.442904987637E+00 -2.080190570653E-01
 7.406938253524E+00 -2.036970920693E-01
 7.372662742546E+00 -1.973729617382E-01
 7.340289774627E+00 -1.890623712062E-01
 7.310018939877E+00 -1.787476259710E-01
 7.282036868060E+00 -1.661718127746E-01
 7.256516077953E+00 -1.501284967874E-01
 7.233613913714E+00 -1.265575896277E-01
 7.213471574801E+00 -8.493230948794E-02
 7.196213245432E+00 -4.734602989534E-03
 7.181945328945E+00  1.411077991138E-01
 7.170755791791E+00  3.670198331959E-01
 7.162713621188E+00  6.442268016245E-01
 7.157868399790E+00  8.887955902735E-01
 7.156250000000E+00  1.000000000000E+00
 7.157868399790E+00  9.317289533470E-01
 7.162713621188E+00  7.296307902084E-01
 7.170755791791E+00  4.939751829042E-01
 7.181945328945E+00  3.082510544329E-01
 7.196213245432E+00  2.008072015689E-01
 7.213471574801E+00  1.568167793060E-01
 7.233613913714E+00  1.488349725975E-01
 7.256516077953E+00  1.560055102065E-01
 7.282036868060E+00  1.675022115012E-01
 7.310018939877E+00  1.790083634283E-01
 7.340289774627E+00  1.891070452530E-01
 7.372662742546E+00  1.973797243437E-01
 7.406938253524E+00  2.036980067505E-01
 7.442904987637E+00  2.080191689303E-01
 7.480341198008E+00  2.103382760400E-01
 7.519016077953E+00  2.106786568843E-01
 7.558691183976E+00  2.090898957373E-01
 7.599121905854E+00  2.056468265042E-01
 7.640058974743E+00  2.004483832792E-01
 7.681250000000E+00  1.936161462669E-01
 7.722441025257E+00  1.852925795711E-01
 7.763378094146E+00  1.756389825390E-01
 7.803808816024E+00  1.648331828633E-01
 7.843483922047E+00  1.530670034969E-01
 7.882158801992E+00  1.405435386019E-01
 7.919595012363E+00  1.274742763932E-01
 7.955561746476E+00  1.140761088598E-01
 7.989837257454E+00  1.005682699075E-01
 8.022210225373E+00  8.716924445549E-02
 8.052481060123E+00  7.409369141471E-02
 8.080463131940E+00  6.154942328049E-02
 8.105983922047E+00  4.973448427950E-02
 8.128886086286E+00  3.883436764049E-02
 8.149028425199E+00  2.901941062320E-02
 8.166286754568E+00  2.044240347010E-02
 8.180554671055E+00  1.323644547387E-02
 8.191744208209E+00  7.513077922046E-03
 8.199786378812E+00  3.360719835592E-03
 8.204631600210E+00  8.434282146792E-04
 8.206250000000E+00  0.000000000000E+00
*END
