*KEYWORD
*DEFINE_CURVE_TITLE
SYNTHETIC VTAIL Cp
$ LCID SIDR SFA SFO OFFA OFFO DATTYP
 1 0 1.0 1.0 0 0 0
$ ABSCISSA ORDINATE
 8.200000000000E+00  0.000000000000E+00
 8.198150400240E+00 -5.463502605210E-04
 8.192613004357E+00 -2.176984508886E-03
 8.183421952239E+00 -4.866771123592E-03
 8.170633909777E+00 -8.574215691577E-03
 8.154327719507E+00 -1.324204273367E-02
 8.134603914513E+00 -1.879799878426E-02
 8.111584098612E+00 -2.515586567805E-02
 8.085410196625E+00 -3.221666997862E-02
 8.056243579360E+00 -3.987007176064E-02
 8.024264068712E+00 -4.799591346702E-02
 7.989668828998E+00 -5.646590733959E-02
 7.952671151375E+00 -6.514543799677E-02
 7.913499138830E+00 -7.389545513185E-02
 7.872394299844E+00 -8.257443005230E-02
 7.829610059419E+00 -9.104034889195E-02
 7.785410196625E+00 -9.915271481582E-02
 7.740067218314E+00 -1.067745314094E-01
 7.693860679024E+00 -1.137742397014E-01
 7.647075457437E+00 -1.200275819084E-01
 7.600000000000E+00 -1.254193660028E-01
 7.552924542563E+00 -1.298451065767E-01
 7.506139320976E+00 -1.332125191833E-01
 7.459932781686E+00 -1.354428473366E-01
 7.414589803375E+00 -1.364720033877E-01
 7.370389940581E+00 -1.362515045238E-01
 7.327605700156E+00 -1.347491670621E-01
 7.286500861170E+00 -1.319493722367E-01
 7.247328848625E+00 -1.278517396954E-01
 7.210331171002E+00 -1.224616845019E-01
 7.175735931288E+00 -1.157420165019E-01
 7.143756420640E+00 -1.074073591066E-01
 7.114589803375E+00 -9.621420810628E-02
 7.088415901388E+00 -7.805728008601E-02
 7.065396085487E+00 -4.235706510520E-02
 7.045672280493E+00  3.146405489828E-02
 7.029366090223E+00  1.705439594635E-01
 7.016578047761E+00  3.893783664441E-01
 7.007386995643E+00  6.592675850390E-01
 7.001849599760E+00  8.963567291144E-01
 7.000000000000E+00  1.000000000000E+00
 7.001849599760E+00  9.241678145061E-01
 7.007386995643E+00  7.145900067938E-01
 7.016578047761E+00  4.716166496559E-01
 7.029366090223E+00  2.788148940832E-01
 7.045672280493E+00  1.646085436811E-01
 7.065396085487E+00  1.142415349233E-01
 7.088415901388E+00  1.003346630558E-01
 7.114589803375E+00  1.020912215254E-01
 7.143756420640E+00  1.087377578332E-01
 7.175735931288E+00  1.160027539592E-01
 7.210331171002E+00  1.225063585486E-01
 7.247328848625E+00  1.278585023010E-01
 7.286500861170E+00  1.319502869179E-01
 7.327605700156E+00  1.347492789270E-01
 7.370389940581E+00  1.362515170497E-01
 7.414589803375E+00  1.364720046886E-01
 7.459932781686E+00  1.354428474636E-01
 7.506139320976E+00  1.332125191951E-01
 7.552924542563E+00  1.298451065778E-01
 7.600000000000E+00  1.254193660029E-01
 7.647075457437E+00  1.200275819084E-01
 7.693860679024E+00  1.137742397014E-01
 7.740067218314E+00  1.067745314094E-01
 7.785410196625E+00  9.915271481582E-02
 7.829610059419E+00  9.104034889195E-02
 7.872394299844E+00  8.257443005230E-02
 7.913499138830E+00  7.389545513185E-02
 7.952671151375E+00  6.514543799677E-02
 7.989668828998E+00  5.646590733959E-02
 8.024264068712E+00  4.799591346702E-02
 8.056243579360E+00  3.987007176064E-02
 8.085410196625E+00  3.221666997862E-02
 8.111584098612E+00  2.515586567805E-02
 8.134603914513E+00  1.879799878426E-02
 8.154327719507E+00  1.324204273367E-02
 8.170633909777E+00  8.574215691577E-03
 8.183421952239E+00  4.866771123592E-03
 8.192613004357E+00  2.176984508886E-03
 8.198150400240E+00  5.463502605210E-04
 8.200000000000E+00  0.000000000000E+00
*END
