*KEYWORD
*DEFINE_CURVE_TITLE
SYNTHETIC VTAIL Cp
$ LCID SIDR SFA SFO OFFA OFFO DATTYP
 1 0 1.0 1.0 0 0 0
$ ABSCISSA ORDINATE
 8.206250000000E+00  0.000000000000E+00
 8.204631600210E+00 -4.291126004508E-04
 8.199786378812E+00 -1.709839916354E-03
 8.191744208209E+00 -3.822443153322E-03
 8.180554671055E+00 -6.734331907759E-03
 8.166286754568E+00 -1.040052106374E-02
 8.149028425199E+00 -1.476426154514E-02
 8.128886086286E+00 -1.975783616797E-02
 8.105983922047E+00 -2.530350954571E-02
 8.080463131940E+00 -3.131461886200E-02
 8.052481060123E+00 -3.769679036889E-02
 8.022210225373E+00 -4.434926472297E-02
 7.989837257454E+00 -5.116631275996E-02
 7.955561746476E+00 -5.803872205147E-02
 7.919595012363E+00 -6.485533360358E-02
 7.882158801992E+00 -7.150460735888E-02
 7.843483922047E+00 -7.787619476159E-02
 7.803808816024E+00 -8.386249654447E-02
 7.763378094146E+00 -8.936018409881E-02
 7.722441025257E+00 -9.427166329053E-02
 7.681250000000E+00 -9.850646038135E-02
 7.640058974743E+00 -1.019825107904E-01
 7.599121905854E+00 -1.046273327739E-01
 7.558691183976E+00 -1.063790696653E-01
 7.519016077953E+00 -1.071873858545E-01
 7.480341198008E+00 -1.070142011675E-01
 7.442904987637E+00 -1.058342296278E-01
 7.406938253524E+00 -1.036351379732E-01
 7.372662742546E+00 -1.004161616479E-01
 7.340289774627E+00 -9.617865488290E-02
 7.310018939877E+00 -9.087773383786E-02
 7.282036868060E+00 -8.421678926830E-02
 7.256516077953E+00 -7.493768805206E-02
 7.233613913714E+00 -5.891731118642E-02
 7.213471574801E+00 -2.555534031047E-02
 7.196213245432E+00  4.574934900727E-02
 7.181945328945E+00  1.821605284904E-01
 7.170755791791E+00  3.982018489137E-01
 7.162713621188E+00  6.652032198731E-01
 7.157868399790E+00  8.993406268178E-01
 7.156250000000E+00  1.000000000000E+00
 7.157868399790E+00  9.211839168026E-01
 7.162713621188E+00  7.086543719597E-01
 7.170755791791E+00  4.627931671863E-01
 7.181945328945E+00  2.671983250563E-01
 7.196213245432E+00  1.503232495721E-01
 7.213471574801E+00  9.743981012857E-02
 7.233613913714E+00  8.119469415624E-02
 7.256516077953E+00  8.081470147112E-02
 7.282036868060E+00  8.554718799486E-02
 7.310018939877E+00  9.113847129515E-02
 7.340289774627E+00  9.622332892966E-02
 7.372662742546E+00  1.004229242534E-01
 7.406938253524E+00  1.036360526544E-01
 7.442904987637E+00  1.058343414928E-01
 7.480341198008E+00  1.070142136934E-01
 7.519016077953E+00  1.071873871554E-01
 7.558691183976E+00  1.063790697923E-01
 7.599121905854E+00  1.046273327857E-01
 7.640058974743E+00  1.019825107914E-01
 7.681250000000E+00  9.850646038145E-02
 7.722441025257E+00  9.427166329054E-02
 7.763378094146E+00  8.936018409881E-02
 7.803808816024E+00  8.386249654447E-02
 7.843483922047E+00  7.787619476159E-02
 7.882158801992E+00  7.150460735888E-02
 7.919595012363E+00  6.485533360358E-02
 7.955561746476E+00  5.803872205147E-02
 7.989837257454E+00  5.116631275996E-02
 8.022210225373E+00  4.434926472297E-02
 8.052481060123E+00  3.769679036889E-02
 8.080463131940E+00  3.131461886200E-02
 8.105983922047E+00  2.530350954571E-02
 8.128886086286E+00  1.975783616797E-02
 8.149028425199E+00  1.476426154514E-02
 8.166286754568E+00  1.040052106374E-02
 8.180554671055E+00  6.734331907759E-03
 8.191744208209E+00  3.822443153322E-03
 8.199786378812E+00  1.709839916354E-03
 8.204631600210E+00  4.291126004508E-04
 8.206250000000E+00  0.000000000000E+00
*END
