*KEYWORD
*DEFINE_CURVE_TITLE
SYNTHETIC VTAIL Cp
$ LCID SIDR SFA SFO OFFA OFFO DATTYP
 1 0 1.0 1.0 0 0 0
$ ABSCISSA ORDINATE
 8.218750000000E+00  0.000000000000E+00
 8.217594000150E+00 -3.410895029225E-04
 8.214133127723E+00 -1.359103523256E-03
 8.208388720149E+00 -3.038352250076E-03
 8.200396193611E+00 -5.352930490783E-03
 8.190204824692E+00 -8.267080845534E-03
 8.177877446571E+00 -1.173569507434E-02
 8.163490061633E+00 -1.570494669762E-02
 8.147131372891E+00 -2.011304604915E-02
 8.128902237100E+00 -2.489110730057E-02
 8.108915042945E+00 -2.996411542142E-02
 8.087293018124E+00 -3.525197965159E-02
 8.064169469610E+00 -4.067065886048E-02
 8.039686961768E+00 -4.613334316912E-02
 8.013996437402E+00 -5.155167542848E-02
 7.987256287137E+00 -5.683699559296E-02
 7.959631372891E+00 -6.190159070793E-02
 7.931292011446E+00 -6.665993315074E-02
 7.902412924390E+00 -7.102988992469E-02
 7.873172160898E+00 -7.493388620530E-02
 7.843750000000E+00 -7.830000696978E-02
 7.814327839102E+00 -8.106302139736E-02
 7.785087075610E+00 -8.316531579344E-02
 7.756207988554E+00 -8.455772202862E-02
 7.727868627109E+00 -8.520022964835E-02
 7.700243712863E+00 -8.506256887409E-02
 7.673503562598E+00 -8.412463258980E-02
 7.647813038232E+00 -8.237655431912E-02
 7.623330530390E+00 -7.981728104263E-02
 7.600206981876E+00 -7.644511808161E-02
 7.578584957055E+00 -7.220940510627E-02
 7.558597762900E+00 -6.680509929259E-02
 7.540368627109E+00 -5.896308399840E-02
 7.524009938367E+00 -4.454684909999E-02
 7.509622553429E+00 -1.294045308596E-02
 7.497295175308E+00  5.647487727033E-02
 7.487103806389E+00  1.908823537792E-01
 7.479111279851E+00  4.048265995058E-01
 7.473366872277E+00  6.696597482923E-01
 7.469905999850E+00  9.015809642522E-01
 7.468750000000E+00  1.000000000000E+00
 7.469905999850E+00  9.189435793683E-01
 7.473366872277E+00  7.041978435406E-01
 7.479111279851E+00  4.561684165943E-01
 7.487103806389E+00  2.584764997675E-01
 7.497295175308E+00  1.395977213090E-01
 7.509622553429E+00  8.482492290405E-02
 7.524009938367E+00  6.682423206981E-02
 7.540368627109E+00  6.484009741746E-02
 7.558597762900E+00  6.813549801915E-02
 7.578584957055E+00  7.247014256356E-02
 7.600206981876E+00  7.648979212837E-02
 7.623330530390E+00  7.982404364816E-02
 7.647813038232E+00  8.237746900029E-02
 7.673503562598E+00  8.412474445478E-02
 7.700243712863E+00  8.506258139994E-02
 7.727868627109E+00  8.520023094925E-02
 7.756207988554E+00  8.455772215562E-02
 7.785087075610E+00  8.316531580525E-02
 7.814327839102E+00  8.106302139843E-02
 7.843750000000E+00  7.830000696988E-02
 7.873172160898E+00  7.493388620530E-02
 7.902412924390E+00  7.102988992469E-02
 7.931292011446E+00  6.665993315074E-02
 7.959631372891E+00  6.190159070793E-02
 7.987256287137E+00  5.683699559296E-02
 8.013996437402E+00  5.155167542848E-02
 8.039686961768E+00  4.613334316912E-02
 8.064169469610E+00  4.067065886048E-02
 8.087293018124E+00  3.525197965159E-02
 8.108915042945E+00  2.996411542142E-02
 8.128902237100E+00  2.489110730057E-02
 8.147131372891E+00  2.011304604915E-02
 8.163490061633E+00  1.570494669762E-02
 8.177877446571E+00  1.173569507434E-02
 8.190204824692E+00  8.267080845534E-03
 8.200396193611E+00  5.352930490783E-03
 8.208388720149E+00  3.038352250076E-03
 8.214133127723E+00  1.359103523256E-03
 8.217594000150E+00  3.410895029225E-04
 8.218750000000E+00  0.000000000000E+00
*END
