*KEYWORD
*DEFINE_CURVE_TITLE
SYNTHETIC VTAIL Cp
$ LCID SIDR SFA SFO OFFA OFFO DATTYP
 1 0 1.0 1.0 0 0 0
$ ABSCISSA ORDINATE
 8.218750000000E+00  0.000000000000E+00
 8.217594000150E+00 -5.057534008850E-04
 8.214133127723E+00 -2.015222465517E-03
 8.208388720149E+00 -4.505142991492E-03
 8.200396193611E+00 -7.937103831161E-03
 8.190204824692E+00 -1.225808539165E-02
 8.177877446571E+00 -1.740120304126E-02
 8.163490061633E+00 -2.328664510336E-02
 8.147131372891E+00 -2.982279241771E-02
 8.128902237100E+00 -3.690750392843E-02
 8.108915042945E+00 -4.442955045246E-02
 8.087293018124E+00 -5.227017672477E-02
 8.064169469610E+00 -6.030477003451E-02
 8.039686961768E+00 -6.840461228524E-02
 8.013996437402E+00 -7.643869115258E-02
 7.987256287137E+00 -8.427554518956E-02
 7.959631372891E+00 -9.178511725659E-02
 7.931292011446E+00 -9.884059053385E-02
 7.902412924390E+00 -1.053201816125E-01
 7.873172160898E+00 -1.111088657527E-01
 7.843750000000E+00 -1.161000103345E-01
 7.814327839102E+00 -1.201968937963E-01
 7.785087075610E+00 -1.233140889380E-01
 7.756207988554E+00 -1.253786913145E-01
 7.727868627109E+00 -1.263313753098E-01
 7.700243712863E+00 -1.261272603195E-01
 7.673503562598E+00 -1.247365511868E-01
 7.647813038232E+00 -1.221447668445E-01
 7.623330530390E+00 -1.183513938990E-01
 7.600206981876E+00 -1.133604412357E-01
 7.578584957055E+00 -1.071320545438E-01
 7.558597762900E+00 -9.937696760922E-02
 7.540368627109E+00 -8.884661054705E-02
 7.524009938367E+00 -7.142952386512E-02
 7.509622553429E+00 -3.653899211803E-02
 7.497295175308E+00  3.641074250237E-02
 7.487103806389E+00  1.745665254372E-01
 7.479111279851E+00  3.924337471051E-01
 7.473366872277E+00  6.613229666806E-01
 7.469905999850E+00  8.973899881897E-01
 7.468750000000E+00  1.000000000000E+00
 7.469905999850E+00  9.231345554308E-01
 7.473366872277E+00  7.125346251522E-01
 7.479111279851E+00  4.685612689949E-01
 7.487103806389E+00  2.747923281095E-01
 7.497295175308E+00  1.596618560770E-01
 7.509622553429E+00  1.084234619361E-01
 7.524009938367E+00  9.370690683493E-02
 7.540368627109E+00  9.472362396612E-02
 7.558597762900E+00  1.007073663358E-01
 7.578584957055E+00  1.073927920011E-01
 7.600206981876E+00  1.134051152825E-01
 7.623330530390E+00  1.183581565046E-01
 7.647813038232E+00  1.221456815257E-01
 7.673503562598E+00  1.247366630517E-01
 7.700243712863E+00  1.261272728454E-01
 7.727868627109E+00  1.263313766107E-01
 7.756207988554E+00  1.253786914415E-01
 7.785087075610E+00  1.233140889498E-01
 7.814327839102E+00  1.201968937974E-01
 7.843750000000E+00  1.161000103346E-01
 7.873172160898E+00  1.111088657527E-01
 7.902412924390E+00  1.053201816125E-01
 7.931292011446E+00  9.884059053385E-02
 7.959631372891E+00  9.178511725659E-02
 7.987256287137E+00  8.427554518956E-02
 8.013996437402E+00  7.643869115258E-02
 8.039686961768E+00  6.840461228524E-02
 8.064169469610E+00  6.030477003451E-02
 8.087293018124E+00  5.227017672477E-02
 8.108915042945E+00  4.442955045246E-02
 8.128902237100E+00  3.690750392843E-02
 8.147131372891E+00  2.982279241771E-02
 8.163490061633E+00  2.328664510336E-02
 8.177877446571E+00  1.740120304126E-02
 8.190204824692E+00  1.225808539165E-02
 8.200396193611E+00  7.937103831161E-03
 8.208388720149E+00  4.505142991492E-03
 8.214133127723E+00  2.015222465517E-03
 8.217594000150E+00  5.057534008850E-04
 8.218750000000E+00  0.000000000000E+00
*END
