*KEYWORD
*DEFINE_CURVE_TITLE
SYNTHETIC VTAIL Cp
$ LCID SIDR SFA SFO OFFA OFFO DATTYP
 1 0 1.0 1.0 0 0 0
$ ABSCISSA ORDINATE
 8.200000000000E+00  0.000000000000E+00
 8.198150400240E+00 -8.650545791582E-04
 8.192613004357E+00 -3.446892139069E-03
 8.183421952239E+00 -7.705720945688E-03
 8.170633909777E+00 -1.357584151166E-02
 8.154327719507E+00 -2.096656766164E-02
 8.134603914513E+00 -2.976349807508E-02
 8.111584098612E+00 -3.983012065691E-02
 8.085410196625E+00 -5.100972746615E-02
 8.056243579360E+00 -6.312761362102E-02
 8.024264068712E+00 -7.599352965612E-02
 7.989668828998E+00 -8.940435328768E-02
 7.952671151375E+00 -1.031469434949E-01
 7.913499138830E+00 -1.170011372921E-01
 7.872394299844E+00 -1.307428475828E-01
 7.829610059419E+00 -1.441472190789E-01
 7.785410196625E+00 -1.569917984584E-01
 7.740067218314E+00 -1.690596747316E-01
 7.693860679024E+00 -1.801425461939E-01
 7.647075457437E+00 -1.900436713549E-01
 7.600000000000E+00 -1.985806628378E-01
 7.552924542563E+00 -2.055880854135E-01
 7.506139320976E+00 -2.109198220436E-01
 7.459932781686E+00 -2.144511749866E-01
 7.414589803375E+00 -2.160806724099E-01
 7.370389940581E+00 -2.157315524828E-01
 7.327605700156E+00 -2.133528804755E-01
 7.286500861170E+00 -2.089201061568E-01
 7.247328848625E+00 -2.024338936110E-01
 7.210331171002E+00 -1.939106970582E-01
 7.175735931288E+00 -1.833342412198E-01
 7.143756420640E+00 -1.704496848808E-01
 7.114589803375E+00 -1.540532917488E-01
 7.088415901388E+00 -1.300882635024E-01
 7.065396085487E+00 -8.803165678017E-02
 7.045672280493E+00 -7.369754330027E-03
 7.029366090223E+00  1.389649368661E-01
 7.016578047761E+00  3.653922005073E-01
 7.007386995643E+00  6.431318786939E-01
 7.001849599760E+00  8.882451625418E-01
 7.000000000000E+00  1.000000000000E+00
 7.001849599760E+00  9.322793810787E-01
 7.007386995643E+00  7.307257131389E-01
 7.016578047761E+00  4.956028155927E-01
 7.029366090223E+00  3.103939166806E-01
 7.045672280493E+00  2.034423529094E-01
 7.065396085487E+00  1.599161265983E-01
 7.088415901388E+00  1.523656464722E-01
 7.114589803375E+00  1.599303051679E-01
 7.143756420640E+00  1.717800836073E-01
 7.175735931288E+00  1.835949786770E-01
 7.210331171002E+00  1.939553711050E-01
 7.247328848625E+00  2.024406562166E-01
 7.286500861170E+00  2.089210208379E-01
 7.327605700156E+00  2.133529923405E-01
 7.370389940581E+00  2.157315650086E-01
 7.414589803375E+00  2.160806737108E-01
 7.459932781686E+00  2.144511751136E-01
 7.506139320976E+00  2.109198220554E-01
 7.552924542563E+00  2.055880854145E-01
 7.600000000000E+00  1.985806628379E-01
 7.647075457437E+00  1.900436713549E-01
 7.693860679024E+00  1.801425461939E-01
 7.740067218314E+00  1.690596747316E-01
 7.785410196625E+00  1.569917984584E-01
 7.829610059419E+00  1.441472190789E-01
 7.872394299844E+00  1.307428475828E-01
 7.913499138830E+00  1.170011372921E-01
 7.952671151375E+00  1.031469434949E-01
 7.989668828998E+00  8.940435328768E-02
 8.024264068712E+00  7.599352965612E-02
 8.056243579360E+00  6.312761362102E-02
 8.085410196625E+00  5.100972746615E-02
 8.111584098612E+00  3.983012065691E-02
 8.134603914513E+00  2.976349807508E-02
 8.154327719507E+00  2.096656766164E-02
 8.170633909777E+00  1.357584151166E-02
 8.183421952239E+00  7.705720945688E-03
 8.192613004357E+00  3.446892139069E-03
 8.198150400240E+00  8.650545791582E-04
 8.200000000000E+00  0.000000000000E+00
*END
