*KEYWORD
*DEFINE_CURVE_TITLE
SYNTHETIC VTAIL Cp
$ LCID SIDR SFA SFO OFFA OFFO DATTYP
 1 0 1.0 1.0 0 0 0
$ ABSCISSA ORDINATE
 8.212500000000E+00  0.000000000000E+00
 8.211112800180E+00 -7.785491212424E-04
 8.206959753268E+00 -3.102202925162E-03
 8.200066464179E+00 -6.935148851119E-03
 8.190475432333E+00 -1.221825736050E-02
 8.178245789630E+00 -1.886991089548E-02
 8.163452935885E+00 -2.678714826757E-02
 8.146188073959E+00 -3.584710859122E-02
 8.126557647469E+00 -4.590875471954E-02
 8.104682684520E+00 -5.681485225891E-02
 8.080698051534E+00 -6.839417669050E-02
 8.054751621749E+00 -8.046391795891E-02
 8.027003363532E+00 -9.283224914539E-02
 7.997624354122E+00 -1.053010235629E-01
 7.966795724883E+00 -1.176685628245E-01
 7.934707544564E+00 -1.297324971710E-01
 7.901557647469E+00 -1.412926186125E-01
 7.867550413735E+00 -1.521537072584E-01
 7.832895509268E+00 -1.621282915745E-01
 7.797806593078E+00 -1.710393042194E-01
 7.762500000000E+00 -1.787225965540E-01
 7.727193406922E+00 -1.850292768721E-01
 7.692104490732E+00 -1.898278398387E-01
 7.657449586265E+00 -1.930060574816E-01
 7.623442352531E+00 -1.944726051039E-01
 7.590292455436E+00 -1.941583966082E-01
 7.558204275117E+00 -1.920175868347E-01
 7.527375645878E+00 -1.880280498070E-01
 7.497996636468E+00 -1.821901661197E-01
 7.470248378251E+00 -1.745173936501E-01
 7.444301948466E+00 -1.649877802249E-01
 7.420317315480E+00 -1.533381964563E-01
 7.398442352531E+00 -1.383541119030E-01
 7.378811926041E+00 -1.159655680037E-01
 7.361547064115E+00 -7.563426761125E-02
 7.346754210370E+00  3.170851031943E-03
 7.334524567667E+00  1.475363858568E-01
 7.324933535821E+00  3.719027312616E-01
 7.318040246732E+00  6.475115704162E-01
 7.313887199820E+00  8.904468734686E-01
 7.312500000000E+00  1.000000000000E+00
 7.313887199820E+00  9.300776701519E-01
 7.318040246732E+00  7.263460214167E-01
 7.324933535821E+00  4.890922848384E-01
 7.334524567667E+00  3.018224676899E-01
 7.346754210370E+00  1.929017475474E-01
 7.361547064115E+00  1.475187374293E-01
 7.378811926041E+00  1.382429509735E-01
 7.398442352531E+00  1.442311253221E-01
 7.420317315480E+00  1.546685951829E-01
 7.444301948466E+00  1.652485176822E-01
 7.470248378251E+00  1.745620676968E-01
 7.497996636468E+00  1.821969287252E-01
 7.527375645878E+00  1.880289644882E-01
 7.558204275117E+00  1.920176986997E-01
 7.590292455436E+00  1.941584091341E-01
 7.623442352531E+00  1.944726064048E-01
 7.657449586265E+00  1.930060576086E-01
 7.692104490732E+00  1.898278398505E-01
 7.727193406922E+00  1.850292768731E-01
 7.762500000000E+00  1.787225965541E-01
 7.797806593078E+00  1.710393042194E-01
 7.832895509268E+00  1.621282915745E-01
 7.867550413735E+00  1.521537072584E-01
 7.901557647469E+00  1.412926186125E-01
 7.934707544564E+00  1.297324971710E-01
 7.966795724883E+00  1.176685628245E-01
 7.997624354122E+00  1.053010235629E-01
 8.027003363532E+00  9.283224914539E-02
 8.054751621749E+00  8.046391795891E-02
 8.080698051534E+00  6.839417669050E-02
 8.104682684520E+00  5.681485225891E-02
 8.126557647469E+00  4.590875471954E-02
 8.146188073959E+00  3.584710859122E-02
 8.163452935885E+00  2.678714826757E-02
 8.178245789630E+00  1.886991089548E-02
 8.190475432333E+00  1.221825736050E-02
 8.200066464179E+00  6.935148851119E-03
 8.206959753268E+00  3.102202925162E-03
 8.211112800180E+00  7.785491212424E-04
 8.212500000000E+00  0.000000000000E+00
*END
