*KEYWORD
*DEFINE_CURVE_TITLE
SYNTHETIC VTAIL Cp
$ LCID SIDR SFA SFO OFFA OFFO DATTYP
 1 0 1.0 1.0 0 0 0
$ ABSCISSA ORDINATE
 8.200000000000E+00  0.000000000000E+00
 8.198150400240E+00 -1.077524124916E-03
 8.192613004357E+00 -4.293497225858E-03
 8.183421952239E+00 -9.598354160418E-03
 8.170633909777E+00 -1.691025872505E-02
 8.154327719507E+00 -2.611625094696E-02
 8.134603914513E+00 -3.707383093563E-02
 8.111584098612E+00 -4.961295730949E-02
 8.085410196625E+00 -6.353843245784E-02
 8.056243579360E+00 -7.863264152793E-02
 8.024264068712E+00 -9.465860711551E-02
 7.989668828998E+00 -1.113633172531E-01
 7.952671151375E+00 -1.284812804936E-01
 7.913499138830E+00 -1.457382587323E-01
 7.872394299844E+00 -1.628551259365E-01
 7.829610059419E+00 -1.795517992036E-01
 7.785410196625E+00 -1.955511875534E-01
 7.740067218314E+00 -2.105831036130E-01
 7.693860679024E+00 -2.243880838555E-01
 7.647075457437E+00 -2.367210643193E-01
 7.600000000000E+00 -2.473548607278E-01
 7.552924542563E+00 -2.560834046380E-01
 7.506139320976E+00 -2.627246906172E-01
 7.459932781686E+00 -2.671233934199E-01
 7.414589803375E+00 -2.691531184247E-01
 7.370389940581E+00 -2.687182511221E-01
 7.327605700156E+00 -2.657553560845E-01
 7.286500861170E+00 -2.602339287702E-01
 7.247328848625E+00 -2.521553295548E-01
 7.210331171002E+00 -2.415433720958E-01
 7.175735931288E+00 -2.283957243650E-01
 7.143756420640E+00 -2.124779020635E-01
 7.114589803375E+00 -1.926126808439E-01
 7.088415901388E+00 -1.647755857800E-01
 7.065396085487E+00 -1.184813845635E-01
 7.045672280493E+00 -3.325896048224E-02
 7.029366090223E+00  1.179122551345E-01
 7.016578047761E+00  3.494014232162E-01
 7.007386995643E+00  6.323747411305E-01
 7.001849599760E+00  8.828374514934E-01
 7.000000000000E+00  1.000000000000E+00
 7.001849599760E+00  9.376870921271E-01
 7.007386995643E+00  7.414828507024E-01
 7.016578047761E+00  5.115935928839E-01
 7.029366090223E+00  3.314465984122E-01
 7.045672280493E+00  2.293315590616E-01
 7.065396085487E+00  1.903658543816E-01
 7.088415901388E+00  1.870529687498E-01
 7.114589803375E+00  1.984896942630E-01
 7.143756420640E+00  2.138083007901E-01
 7.175735931288E+00  2.286564618223E-01
 7.210331171002E+00  2.415880461426E-01
 7.247328848625E+00  2.521620921603E-01
 7.286500861170E+00  2.602348434513E-01
 7.327605700156E+00  2.657554679495E-01
 7.370389940581E+00  2.687182636479E-01
 7.414589803375E+00  2.691531197256E-01
 7.459932781686E+00  2.671233935469E-01
 7.506139320976E+00  2.627246906290E-01
 7.552924542563E+00  2.560834046390E-01
 7.600000000000E+00  2.473548607279E-01
 7.647075457437E+00  2.367210643193E-01
 7.693860679024E+00  2.243880838555E-01
 7.740067218314E+00  2.105831036130E-01
 7.785410196625E+00  1.955511875534E-01
 7.829610059419E+00  1.795517992036E-01
 7.872394299844E+00  1.628551259365E-01
 7.913499138830E+00  1.457382587323E-01
 7.952671151375E+00  1.284812804936E-01
 7.989668828998E+00  1.113633172531E-01
 8.024264068712E+00  9.465860711551E-02
 8.056243579360E+00  7.863264152793E-02
 8.085410196625E+00  6.353843245784E-02
 8.111584098612E+00  4.961295730949E-02
 8.134603914513E+00  3.707383093563E-02
 8.154327719507E+00  2.611625094696E-02
 8.170633909777E+00  1.691025872505E-02
 8.183421952239E+00  9.598354160418E-03
 8.192613004357E+00  4.293497225858E-03
 8.198150400240E+00  1.077524124916E-03
 8.200000000000E+00  0.000000000000E+00
*END
