*KEYWORD
*DEFINE_CURVE_TITLE
SYNTHETIC VTAIL Cp
$ LCID SIDR SFA SFO OFFA OFFO DATTYP
 1 0 1.0 1.0 0 0 0
$ ABSCISSA ORDINATE
 8.206250000000E+00  0.000000000000E+00
 8.204631600210E+00 -1.050586021793E-03
 8.199786378812E+00 -4.186159795211E-03
 8.191744208209E+00 -9.358395306408E-03
 8.180554671055E+00 -1.648750225693E-02
 8.166286754568E+00 -2.546334467328E-02
 8.149028425199E+00 -3.614698516224E-02
 8.128886086286E+00 -4.837263337675E-02
 8.105983922047E+00 -6.194997164639E-02
 8.080463131940E+00 -7.666682548973E-02
 8.052481060123E+00 -9.229214193763E-02
 8.022210225373E+00 -1.085792343217E-01
 7.989837257454E+00 -1.252692484813E-01
 7.955561746476E+00 -1.420948022639E-01
 7.919595012363E+00 -1.587837477881E-01
 7.882158801992E+00 -1.750630042235E-01
 7.843483922047E+00 -1.906624078646E-01
 7.803808816024E+00 -2.053185260227E-01
 7.763378094146E+00 -2.187783817591E-01
 7.722441025257E+00 -2.308030377113E-01
 7.681250000000E+00 -2.411709892096E-01
 7.640058974743E+00 -2.496813195220E-01
 7.599121905854E+00 -2.561565733516E-01
 7.558691183976E+00 -2.604453085829E-01
 7.519016077953E+00 -2.624242904479E-01
 7.480341198008E+00 -2.620002946874E-01
 7.442904987637E+00 -2.591114707841E-01
 7.406938253524E+00 -2.537280691174E-01
 7.372662742546E+00 -2.458513617833E-01
 7.340289774627E+00 -2.355042293679E-01
 7.310018939877E+00 -2.226825720376E-01
 7.282036868060E+00 -2.071493245278E-01
 7.256516077953E+00 -1.877239011550E-01
 7.233613913714E+00 -1.603777288483E-01
 7.213471574801E+00 -1.146207940767E-01
 7.196213245432E+00 -2.997657898794E-02
 7.181945328945E+00  1.205814344254E-01
 7.170755791791E+00  3.514288253370E-01
 7.162713621188E+00  6.337385925001E-01
 7.157868399790E+00  8.835230720013E-01
 7.156250000000E+00  1.000000000000E+00
 7.157868399790E+00  9.370014716192E-01
 7.162713621188E+00  7.401189993327E-01
 7.170755791791E+00  5.095661907631E-01
 7.181945328945E+00  3.287774191212E-01
 7.196213245432E+00  2.260491775673E-01
 7.213471574801E+00  1.865052638948E-01
 7.233613913714E+00  1.826551118182E-01
 7.256516077953E+00  1.936009145741E-01
 7.282036868060E+00  2.084797232544E-01
 7.310018939877E+00  2.229433094949E-01
 7.340289774627E+00  2.355489034146E-01
 7.372662742546E+00  2.458581243889E-01
 7.406938253524E+00  2.537289837986E-01
 7.442904987637E+00  2.591115826491E-01
 7.480341198008E+00  2.620003072133E-01
 7.519016077953E+00  2.624242917488E-01
 7.558691183976E+00  2.604453087099E-01
 7.599121905854E+00  2.561565733634E-01
 7.640058974743E+00  2.496813195231E-01
 7.681250000000E+00  2.411709892097E-01
 7.722441025257E+00  2.308030377113E-01
 7.763378094146E+00  2.187783817591E-01
 7.803808816024E+00  2.053185260227E-01
 7.843483922047E+00  1.906624078646E-01
 7.882158801992E+00  1.750630042235E-01
 7.919595012363E+00  1.587837477881E-01
 7.955561746476E+00  1.420948022639E-01
 7.989837257454E+00  1.252692484813E-01
 8.022210225373E+00  1.085792343217E-01
 8.052481060123E+00  9.229214193763E-02
 8.080463131940E+00  7.666682548973E-02
 8.105983922047E+00  6.194997164639E-02
 8.128886086286E+00  4.837263337675E-02
 8.149028425199E+00  3.614698516224E-02
 8.166286754568E+00  2.546334467328E-02
 8.180554671055E+00  1.648750225693E-02
 8.191744208209E+00  9.358395306408E-03
 8.199786378812E+00  4.186159795211E-03
 8.204631600210E+00  1.050586021793E-03
 8.206250000000E+00  0.000000000000E+00
*END
