*KEYWORD
*DEFINE_CURVE_TITLE
SYNTHETIC VTAIL Cp
$ LCID SIDR SFA SFO OFFA OFFO DATTYP
 1 0 1.0 1.0 0 0 0
$ ABSCISSA ORDINATE
 8.225000000000E+00  0.000000000000E+00
 8.224075200120E+00 -3.278101563126E-04
 8.221306502179E+00 -1.306190705331E-03
 8.216710976119E+00 -2.920062674155E-03
 8.210316954889E+00 -5.144529414946E-03
 8.202163859753E+00 -7.945225640201E-03
 8.192301957257E+00 -1.127879927056E-02
 8.180792049306E+00 -1.509351940683E-02
 8.167705098312E+00 -1.933000198717E-02
 8.153121789680E+00 -2.392204305638E-02
 8.137132034356E+00 -2.879754808021E-02
 8.119834414499E+00 -3.387954440375E-02
 8.101335575688E+00 -3.908726279806E-02
 8.081749569415E+00 -4.433727307911E-02
 8.061197149922E+00 -4.954465803138E-02
 8.039805029710E+00 -5.462420933517E-02
 8.017705098312E+00 -5.949162888949E-02
 7.995033609157E+00 -6.406471884565E-02
 7.971930339512E+00 -6.826454382084E-02
 7.948537728718E+00 -7.201654914502E-02
 7.925000000000E+00 -7.525161960166E-02
 7.901462271282E+00 -7.790706394583E-02
 7.878069660488E+00 -7.992751150759E-02
 7.854966390843E+00 -8.126570837653E-02
 7.832294901688E+00 -8.188320177243E-02
 7.810194970290E+00 -8.175090020913E-02
 7.788802850078E+00 -8.084947786423E-02
 7.768250430585E+00 -7.916944040578E-02
 7.748664424312E+00 -7.670969129615E-02
 7.730165585501E+00 -7.346807589176E-02
 7.712867965644E+00 -6.939306240969E-02
 7.696878210320E+00 -6.417833571867E-02
 7.682294901688E+00 -5.655312217996E-02
 7.669207950694E+00 -4.237889145765E-02
 7.657698042743E+00 -1.103734509950E-02
 7.647836140247E+00  5.809295265484E-02
 7.639683045111E+00  1.921981463874E-01
 7.633289023881E+00  4.058260230865E-01
 7.628693497821E+00  6.703320693900E-01
 7.625924799880E+00  9.019189461927E-01
 7.625000000000E+00  1.000000000000E+00
 7.625924799880E+00  9.186055974278E-01
 7.628693497821E+00  7.035255224429E-01
 7.633289023881E+00  4.551689930136E-01
 7.639683045111E+00  2.571607071592E-01
 7.647836140247E+00  1.379796459245E-01
 7.657698042743E+00  8.292181491759E-02
 7.669207950694E+00  6.465627442746E-02
 7.682294901688E+00  6.243013559902E-02
 7.696878210320E+00  6.550873444523E-02
 7.712867965644E+00  6.965379986699E-02
 7.730165585501E+00  7.351274993853E-02
 7.748664424312E+00  7.671645390168E-02
 7.768250430585E+00  7.917035508695E-02
 7.788802850078E+00  8.084958972922E-02
 7.810194970290E+00  8.175091273498E-02
 7.832294901688E+00  8.188320307332E-02
 7.854966390843E+00  8.126570850353E-02
 7.878069660488E+00  7.992751151941E-02
 7.901462271282E+00  7.790706394689E-02
 7.925000000000E+00  7.525161960175E-02
 7.948537728718E+00  7.201654914503E-02
 7.971930339512E+00  6.826454382084E-02
 7.995033609157E+00  6.406471884565E-02
 8.017705098312E+00  5.949162888949E-02
 8.039805029710E+00  5.462420933517E-02
 8.061197149922E+00  4.954465803138E-02
 8.081749569415E+00  4.433727307911E-02
 8.101335575688E+00  3.908726279806E-02
 8.119834414499E+00  3.387954440375E-02
 8.137132034356E+00  2.879754808021E-02
 8.153121789680E+00  2.392204305638E-02
 8.167705098312E+00  1.933000198717E-02
 8.180792049306E+00  1.509351940683E-02
 8.192301957257E+00  1.127879927056E-02
 8.202163859753E+00  7.945225640201E-03
 8.210316954889E+00  5.144529414946E-03
 8.216710976119E+00  2.920062674155E-03
 8.221306502179E+00  1.306190705331E-03
 8.224075200120E+00  3.278101563126E-04
 8.225000000000E+00  0.000000000000E+00
*END
