*KEYWORD
*DEFINE_CURVE_TITLE
SYNTHETIC VTAIL Cp
$ LCID SIDR SFA SFO OFFA OFFO DATTYP
 1 0 1.0 1.0 0 0 0
$ ABSCISSA ORDINATE
 8.218750000000E+00  0.000000000000E+00
 8.217594000150E+00 -8.350811968102E-04
 8.214133127723E+00 -3.327460350040E-03
 8.208388720149E+00 -7.438724474324E-03
 8.200396193611E+00 -1.310545051192E-02
 8.190204824692E+00 -2.024009448389E-02
 8.177877446571E+00 -2.873221897511E-02
 8.163490061633E+00 -3.845004191485E-02
 8.147131372891E+00 -4.924228515483E-02
 8.128902237100E+00 -6.094029718415E-02
 8.108915042945E+00 -7.336042051452E-02
 8.087293018124E+00 -8.630657087113E-02
 8.064169469610E+00 -9.957299238256E-02
 8.039686961768E+00 -1.129471505175E-01
 8.013996437402E+00 -1.262127226008E-01
 7.987256287137E+00 -1.391526443828E-01
 7.959631372891E+00 -1.515521703539E-01
 7.931292011446E+00 -1.632019053001E-01
 7.902412924390E+00 -1.739007649880E-01
 7.873172160898E+00 -1.834588248475E-01
 7.843750000000E+00 -1.917000170640E-01
 7.814327839102E+00 -1.984646385943E-01
 7.785087075610E+00 -2.036116352270E-01
 7.756207988554E+00 -2.070206298862E-01
 7.727868627109E+00 -2.085936666328E-01
 7.700243712863E+00 -2.082566432104E-01
 7.673503562598E+00 -2.059603883807E-01
 7.647813038232E+00 -2.016811918952E-01
 7.623330530390E+00 -1.954196196118E-01
 7.600206981876E+00 -1.871910875440E-01
 7.578584957055E+00 -1.769773534189E-01
 7.558597762900E+00 -1.645207042425E-01
 7.540368627109E+00 -1.486136636444E-01
 7.524009938367E+00 -1.251948733954E-01
 7.509622553429E+00 -8.373607018217E-02
 7.497295175308E+00 -3.717527033555E-03
 7.487103806389E+00  1.419348687532E-01
 7.479111279851E+00  3.676480423038E-01
 7.473366872277E+00  6.446494034573E-01
 7.469905999850E+00  8.890080360647E-01
 7.468750000000E+00  1.000000000000E+00
 7.469905999850E+00  9.315165075558E-01
 7.473366872277E+00  7.292081883755E-01
 7.479111279851E+00  4.933469737963E-01
 7.487103806389E+00  3.074239847934E-01
 7.497295175308E+00  1.997901256129E-01
 7.509622553429E+00  1.556205400003E-01
 7.524009938367E+00  1.474722563652E-01
 7.540368627109E+00  1.544906770634E-01
 7.558597762900E+00  1.658511029690E-01
 7.578584957055E+00  1.772380908762E-01
 7.600206981876E+00  1.872357615908E-01
 7.623330530390E+00  1.954263822174E-01
 7.647813038232E+00  2.016821065764E-01
 7.673503562598E+00  2.059605002457E-01
 7.700243712863E+00  2.082566557363E-01
 7.727868627109E+00  2.085936679337E-01
 7.756207988554E+00  2.070206300132E-01
 7.785087075610E+00  2.036116352388E-01
 7.814327839102E+00  1.984646385954E-01
 7.843750000000E+00  1.917000170641E-01
 7.873172160898E+00  1.834588248475E-01
 7.902412924390E+00  1.739007649880E-01
 7.931292011446E+00  1.632019053001E-01
 7.959631372891E+00  1.515521703539E-01
 7.987256287137E+00  1.391526443828E-01
 8.013996437402E+00  1.262127226008E-01
 8.039686961768E+00  1.129471505175E-01
 8.064169469610E+00  9.957299238256E-02
 8.087293018124E+00  8.630657087113E-02
 8.108915042945E+00  7.336042051452E-02
 8.128902237100E+00  6.094029718415E-02
 8.147131372891E+00  4.924228515483E-02
 8.163490061633E+00  3.845004191485E-02
 8.177877446571E+00  2.873221897511E-02
 8.190204824692E+00  2.024009448389E-02
 8.200396193611E+00  1.310545051192E-02
 8.208388720149E+00  7.438724474324E-03
 8.214133127723E+00  3.327460350040E-03
 8.217594000150E+00  8.350811968102E-04
 8.218750000000E+00  0.000000000000E+00
*END
