*KEYWORD
*DEFINE_CURVE_TITLE
SYNTHETIC VTAIL Cp
$ LCID SIDR SFA SFO OFFA OFFO DATTYP
 1 0 1.0 1.0 0 0 0
$ ABSCISSA ORDINATE
 8.200000000000E+00  0.000000000000E+00
 8.198150400240E+00 -6.525850334000E-04
 8.192613004357E+00 -2.600287052280E-03
 8.183421952239E+00 -5.813087730958E-03
 8.170633909777E+00 -1.024142429827E-02
 8.154327719507E+00 -1.581688437633E-02
 8.134603914513E+00 -2.245316521453E-02
 8.111584098612E+00 -3.004728400434E-02
 8.085410196625E+00 -3.848102247447E-02
 8.056243579360E+00 -4.762258571410E-02
 8.024264068712E+00 -5.732845219672E-02
 7.989668828998E+00 -6.744538932228E-02
 7.952671151375E+00 -7.781260649614E-02
 7.913499138830E+00 -8.826401585193E-02
 7.872394299844E+00 -9.863056922914E-02
 7.829610059419E+00 -1.087426389543E-01
 7.785410196625E+00 -1.184324093633E-01
 7.740067218314E+00 -1.275362458501E-01
 7.693860679024E+00 -1.358970085322E-01
 7.647075457437E+00 -1.433662783906E-01
 7.600000000000E+00 -1.498064649478E-01
 7.552924542563E+00 -1.550927661890E-01
 7.506139320976E+00 -1.591149534700E-01
 7.459932781686E+00 -1.617789565532E-01
 7.414589803375E+00 -1.630082263951E-01
 7.370389940581E+00 -1.627448538435E-01
 7.327605700156E+00 -1.609504048665E-01
 7.286500861170E+00 -1.576062835434E-01
 7.247328848625E+00 -1.527124576673E-01
 7.210331171002E+00 -1.462780220207E-01
 7.175735931288E+00 -1.382727580745E-01
 7.143756420640E+00 -1.284214676980E-01
 7.114589803375E+00 -1.154939026538E-01
 7.088415901388E+00 -9.540094122481E-02
 7.065396085487E+00 -5.758192899686E-02
 7.045672280493E+00  1.851945182218E-02
 7.029366090223E+00  1.600176185977E-01
 7.016578047761E+00  3.813829777985E-01
 7.007386995643E+00  6.538890162573E-01
 7.001849599760E+00  8.936528735902E-01
 7.000000000000E+00  1.000000000000E+00
 7.001849599760E+00  9.268716700303E-01
 7.007386995643E+00  7.199685755755E-01
 7.016578047761E+00  4.796120383015E-01
 7.029366090223E+00  2.893412349490E-01
 7.045672280493E+00  1.775531467572E-01
 7.065396085487E+00  1.294663988150E-01
 7.088415901388E+00  1.176783241946E-01
 7.114589803375E+00  1.213709160729E-01
 7.143756420640E+00  1.297518664246E-01
 7.175735931288E+00  1.385334955318E-01
 7.210331171002E+00  1.463226960674E-01
 7.247328848625E+00  1.527192202728E-01
 7.286500861170E+00  1.576071982246E-01
 7.327605700156E+00  1.609505167315E-01
 7.370389940581E+00  1.627448663693E-01
 7.414589803375E+00  1.630082276960E-01
 7.459932781686E+00  1.617789566802E-01
 7.506139320976E+00  1.591149534819E-01
 7.552924542563E+00  1.550927661901E-01
 7.600000000000E+00  1.498064649479E-01
 7.647075457437E+00  1.433662783906E-01
 7.693860679024E+00  1.358970085322E-01
 7.740067218314E+00  1.275362458501E-01
 7.785410196625E+00  1.184324093633E-01
 7.829610059419E+00  1.087426389543E-01
 7.872394299844E+00  9.863056922914E-02
 7.913499138830E+00  8.826401585193E-02
 7.952671151375E+00  7.781260649614E-02
 7.989668828998E+00  6.744538932228E-02
 8.024264068712E+00  5.732845219672E-02
 8.056243579360E+00  4.762258571410E-02
 8.085410196625E+00  3.848102247447E-02
 8.111584098612E+00  3.004728400434E-02
 8.134603914513E+00  2.245316521453E-02
 8.154327719507E+00  1.581688437633E-02
 8.170633909777E+00  1.024142429827E-02
 8.183421952239E+00  5.813087730958E-03
 8.192613004357E+00  2.600287052280E-03
 8.198150400240E+00  6.525850334000E-04
 8.200000000000E+00  0.000000000000E+00
*END
