*KEYWORD
*DEFINE_CURVE_TITLE
SYNTHETIC VTAIL Cp
$ LCID SIDR SFA SFO OFFA OFFO DATTYP
 1 0 1.0 1.0 0 0 0
$ ABSCISSA ORDINATE
 8.212500000000E+00  0.000000000000E+00
 8.211112800180E+00 -5.873265300600E-04
 8.206959753268E+00 -2.340258347052E-03
 8.200066464179E+00 -5.231778957862E-03
 8.190475432333E+00 -9.217281868445E-03
 8.178245789630E+00 -1.423519593869E-02
 8.163452935885E+00 -2.020784869308E-02
 8.146188073959E+00 -2.704255560390E-02
 8.126557647469E+00 -3.463292022702E-02
 8.104682684520E+00 -4.286032714269E-02
 8.080698051534E+00 -5.159560697705E-02
 8.054751621749E+00 -6.070085039006E-02
 8.027003363532E+00 -7.003134584652E-02
 7.997624354122E+00 -7.943761426674E-02
 7.966795724883E+00 -8.876751230622E-02
 7.934707544564E+00 -9.786837505884E-02
 7.901557647469E+00 -1.065891684270E-01
 7.867550413735E+00 -1.147826212651E-01
 7.832895509268E+00 -1.223073076790E-01
 7.797806593078E+00 -1.290296505515E-01
 7.762500000000E+00 -1.348258184530E-01
 7.727193406922E+00 -1.395834895700E-01
 7.692104490732E+00 -1.432034581224E-01
 7.657449586265E+00 -1.456010608916E-01
 7.623442352531E+00 -1.467074036905E-01
 7.590292455436E+00 -1.464703678328E-01
 7.558204275117E+00 -1.448553587866E-01
 7.527375645878E+00 -1.418456094550E-01
 7.497996636468E+00 -1.374408737703E-01
 7.470248378251E+00 -1.316479861163E-01
 7.444301948466E+00 -1.244324453942E-01
 7.420317315480E+00 -1.155128009919E-01
 7.398442352531E+00 -1.036506617175E-01
 7.378811926041E+00 -8.474697795383E-02
 7.361547064115E+00 -4.822951260627E-02
 7.346754210370E+00  2.647113656893E-02
 7.334524567667E+00  1.664837994152E-01
 7.324933535821E+00  3.862944308237E-01
 7.318040246732E+00  6.571929942232E-01
 7.313887199820E+00  8.953138134122E-01
 7.312500000000E+00  1.000000000000E+00
 7.313887199820E+00  9.252107302083E-01
 7.318040246732E+00  7.166645976096E-01
 7.324933535821E+00  4.747005852764E-01
 7.334524567667E+00  2.828750541314E-01
 7.346754210370E+00  1.696014620104E-01
 7.361547064115E+00  1.201139824244E-01
 7.378811926041E+00  1.070243609236E-01
 7.398442352531E+00  1.095276751365E-01
 7.420317315480E+00  1.168431997184E-01
 7.444301948466E+00  1.246931828515E-01
 7.470248378251E+00  1.316926601630E-01
 7.497996636468E+00  1.374476363758E-01
 7.527375645878E+00  1.418465241362E-01
 7.558204275117E+00  1.448554706516E-01
 7.590292455436E+00  1.464703803587E-01
 7.623442352531E+00  1.467074049914E-01
 7.657449586265E+00  1.456010610186E-01
 7.692104490732E+00  1.432034581343E-01
 7.727193406922E+00  1.395834895711E-01
 7.762500000000E+00  1.348258184531E-01
 7.797806593078E+00  1.290296505515E-01
 7.832895509268E+00  1.223073076790E-01
 7.867550413735E+00  1.147826212651E-01
 7.901557647469E+00  1.065891684270E-01
 7.934707544564E+00  9.786837505884E-02
 7.966795724883E+00  8.876751230622E-02
 7.997624354122E+00  7.943761426674E-02
 8.027003363532E+00  7.003134584652E-02
 8.054751621749E+00  6.070085039006E-02
 8.080698051534E+00  5.159560697705E-02
 8.104682684520E+00  4.286032714269E-02
 8.126557647469E+00  3.463292022702E-02
 8.146188073959E+00  2.704255560390E-02
 8.163452935885E+00  2.020784869308E-02
 8.178245789630E+00  1.423519593869E-02
 8.190475432333E+00  9.217281868445E-03
 8.200066464179E+00  5.231778957862E-03
 8.206959753268E+00  2.340258347052E-03
 8.211112800180E+00  5.873265300600E-04
 8.212500000000E+00  0.000000000000E+00
*END
