*KEYWORD
*DEFINE_CURVE_TITLE
SYNTHETIC VTAIL Cp
$ LCID SIDR SFA SFO OFFA OFFO DATTYP
 1 0 1.0 1.0 0 0 0
$ ABSCISSA ORDINATE
 8.212500000000E+00  0.000000000000E+00
 8.211112800180E+00 -3.961039388777E-04
 8.206959753268E+00 -1.578313768942E-03
 8.200066464179E+00 -3.528409064604E-03
 8.190475432333E+00 -6.216306376393E-03
 8.178245789630E+00 -9.600480981910E-03
 8.163452935885E+00 -1.362854911859E-02
 8.146188073959E+00 -1.823800261659E-02
 8.126557647469E+00 -2.335708573450E-02
 8.104682684520E+00 -2.890580202647E-02
 8.080698051534E+00 -3.479703726359E-02
 8.054751621749E+00 -4.093778282120E-02
 8.027003363532E+00 -4.723044254766E-02
 7.997624354122E+00 -5.357420497059E-02
 7.966795724883E+00 -5.986646178792E-02
 7.934707544564E+00 -6.600425294666E-02
 7.901557647469E+00 -7.188571824147E-02
 7.867550413735E+00 -7.741153527182E-02
 7.832895509268E+00 -8.248632378351E-02
 7.797806593078E+00 -8.701999688357E-02
 7.762500000000E+00 -9.092904035201E-02
 7.727193406922E+00 -9.413770226799E-02
 7.692104490732E+00 -9.657907640624E-02
 7.657449586265E+00 -9.819606430154E-02
 7.623442352531E+00 -9.894220227719E-02
 7.590292455436E+00 -9.878233905747E-02
 7.558204275117E+00 -9.769313073855E-02
 7.527375645878E+00 -9.566316910295E-02
 7.497996636468E+00 -9.269158142092E-02
 7.470248378251E+00 -8.877857858242E-02
 7.444301948466E+00 -8.387711056352E-02
 7.420317315480E+00 -7.768740552741E-02
 7.398442352531E+00 -6.894721153193E-02
 7.378811926041E+00 -5.352838790401E-02
 7.361547064115E+00 -2.082475760128E-02
 7.346754210370E+00  4.977142210592E-02
 7.334524567667E+00  1.854312129737E-01
 7.324933535821E+00  4.006861303857E-01
 7.318040246732E+00  6.668744180303E-01
 7.313887199820E+00  9.001807533557E-01
 7.312500000000E+00  1.000000000000E+00
 7.313887199820E+00  9.203437902648E-01
 7.318040246732E+00  7.069831738025E-01
 7.324933535821E+00  4.603088857143E-01
 7.334524567667E+00  2.639276405730E-01
 7.346754210370E+00  1.463011764734E-01
 7.361547064115E+00  9.270922741937E-02
 7.378811926041E+00  7.580577087383E-02
 7.398442352531E+00  7.482422495100E-02
 7.420317315480E+00  7.901780425396E-02
 7.444301948466E+00  8.413784802081E-02
 7.470248378251E+00  8.882325262918E-02
 7.497996636468E+00  9.269834402645E-02
 7.527375645878E+00  9.566408378411E-02
 7.558204275117E+00  9.769324260354E-02
 7.590292455436E+00  9.878235158333E-02
 7.623442352531E+00  9.894220357809E-02
 7.657449586265E+00  9.819606442854E-02
 7.692104490732E+00  9.657907641805E-02
 7.727193406922E+00  9.413770226905E-02
 7.762500000000E+00  9.092904035211E-02
 7.797806593078E+00  8.701999688358E-02
 7.832895509268E+00  8.248632378351E-02
 7.867550413735E+00  7.741153527182E-02
 7.901557647469E+00  7.188571824147E-02
 7.934707544564E+00  6.600425294666E-02
 7.966795724883E+00  5.986646178792E-02
 7.997624354122E+00  5.357420497059E-02
 8.027003363532E+00  4.723044254766E-02
 8.054751621749E+00  4.093778282120E-02
 8.080698051534E+00  3.479703726359E-02
 8.104682684520E+00  2.890580202647E-02
 8.126557647469E+00  2.335708573450E-02
 8.146188073959E+00  1.823800261659E-02
 8.163452935885E+00  1.362854911859E-02
 8.178245789630E+00  9.600480981910E-03
 8.190475432333E+00  6.216306376393E-03
 8.200066464179E+00  3.528409064604E-03
 8.206959753268E+00  1.578313768942E-03
 8.211112800180E+00  3.961039388777E-04
 8.212500000000E+00  0.000000000000E+00
*END
