*KEYWORD
*DEFINE_CURVE_TITLE
SYNTHETIC VTAIL Cp
$ LCID SIDR SFA SFO OFFA OFFO DATTYP
 1 0 1.0 1.0 0 0 0
$ ABSCISSA ORDINATE
 8.212500000000E+00  0.000000000000E+00
 8.211112800180E+00 -4.917152344689E-04
 8.206959753268E+00 -1.959286057997E-03
 8.200066464179E+00 -4.380094011233E-03
 8.190475432333E+00 -7.716794122419E-03
 8.178245789630E+00 -1.191783846030E-02
 8.163452935885E+00 -1.691819890584E-02
 8.146188073959E+00 -2.264027911024E-02
 8.126557647469E+00 -2.899500298076E-02
 8.104682684520E+00 -3.588306458458E-02
 8.080698051534E+00 -4.319632212032E-02
 8.054751621749E+00 -5.081931660563E-02
 8.027003363532E+00 -5.863089419709E-02
 7.997624354122E+00 -6.650590961866E-02
 7.966795724883E+00 -7.431698704707E-02
 7.934707544564E+00 -8.193631400275E-02
 7.901557647469E+00 -8.923744333424E-02
 7.867550413735E+00 -9.609707826847E-02
 7.832895509268E+00 -1.023968157313E-01
 7.797806593078E+00 -1.080248237175E-01
 7.762500000000E+00 -1.128774294025E-01
 7.727193406922E+00 -1.168605959190E-01
 7.692104490732E+00 -1.198912672643E-01
 7.657449586265E+00 -1.218985625965E-01
 7.623442352531E+00 -1.228248029839E-01
 7.590292455436E+00 -1.226263534452E-01
 7.558204275117E+00 -1.212742447626E-01
 7.527375645878E+00 -1.187543892790E-01
 7.497996636468E+00 -1.150662275956E-01
 7.470248378251E+00 -1.102132823493E-01
 7.444301948466E+00 -1.041547779789E-01
 7.420317315480E+00 -9.660010325964E-02
 7.398442352531E+00 -8.629893662470E-02
 7.378811926041E+00 -6.913768292892E-02
 7.361547064115E+00 -3.452713510377E-02
 7.346754210370E+00  3.812127933742E-02
 7.334524567667E+00  1.759575061945E-01
 7.324933535821E+00  3.934902806047E-01
 7.318040246732E+00  6.620337061268E-01
 7.313887199820E+00  8.977472833839E-01
 7.312500000000E+00  1.000000000000E+00
 7.313887199820E+00  9.227772602365E-01
 7.318040246732E+00  7.118238857061E-01
 7.324933535821E+00  4.675047354953E-01
 7.334524567667E+00  2.734013473522E-01
 7.346754210370E+00  1.579513192419E-01
 7.361547064115E+00  1.064116049219E-01
 7.378811926041E+00  9.141506589874E-02
 7.398442352531E+00  9.217595004377E-02
 7.420317315480E+00  9.793050198620E-02
 7.444301948466E+00  1.044155154362E-01
 7.470248378251E+00  1.102579563961E-01
 7.497996636468E+00  1.150729902011E-01
 7.527375645878E+00  1.187553039601E-01
 7.558204275117E+00  1.212743566276E-01
 7.590292455436E+00  1.226263659710E-01
 7.623442352531E+00  1.228248042848E-01
 7.657449586265E+00  1.218985627235E-01
 7.692104490732E+00  1.198912672762E-01
 7.727193406922E+00  1.168605959201E-01
 7.762500000000E+00  1.128774294026E-01
 7.797806593078E+00  1.080248237175E-01
 7.832895509268E+00  1.023968157313E-01
 7.867550413735E+00  9.609707826847E-02
 7.901557647469E+00  8.923744333424E-02
 7.934707544564E+00  8.193631400275E-02
 7.966795724883E+00  7.431698704707E-02
 7.997624354122E+00  6.650590961866E-02
 8.027003363532E+00  5.863089419709E-02
 8.054751621749E+00  5.081931660563E-02
 8.080698051534E+00  4.319632212032E-02
 8.104682684520E+00  3.588306458458E-02
 8.126557647469E+00  2.899500298076E-02
 8.146188073959E+00  2.264027911024E-02
 8.163452935885E+00  1.691819890584E-02
 8.178245789630E+00  1.191783846030E-02
 8.190475432333E+00  7.716794122419E-03
 8.200066464179E+00  4.380094011233E-03
 8.206959753268E+00  1.959286057997E-03
 8.211112800180E+00  4.917152344689E-04
 8.212500000000E+00  0.000000000000E+00
*END
