*KEYWORD
*DEFINE_CURVE_TITLE
SYNTHETIC VTAIL Cp
$ LCID SIDR SFA SFO OFFA OFFO DATTYP
 1 0 1.0 1.0 0 0 0
$ ABSCISSA ORDINATE
 8.200000000000E+00  0.000000000000E+00
 8.198150400240E+00 -4.401154876419E-04
 8.192613004357E+00 -1.753681965491E-03
 8.183421952239E+00 -3.920454516227E-03
 8.170633909777E+00 -6.907007084881E-03
 8.154327719507E+00 -1.066720109101E-02
 8.134603914513E+00 -1.514283235399E-02
 8.111584098612E+00 -2.026444735176E-02
 8.085410196625E+00 -2.595231748278E-02
 8.056243579360E+00 -3.211755780718E-02
 8.024264068712E+00 -3.866337473732E-02
 7.989668828998E+00 -4.548642535689E-02
 7.952671151375E+00 -5.247826949739E-02
 7.913499138830E+00 -5.952689441177E-02
 7.872394299844E+00 -6.651829087546E-02
 7.829610059419E+00 -7.333805882962E-02
 7.785410196625E+00 -7.987302026830E-02
 7.740067218314E+00 -8.601281696869E-02
 7.693860679024E+00 -9.165147087057E-02
 7.647075457437E+00 -9.668888542619E-02
 7.600000000000E+00 -1.010322670578E-01
 7.552924542563E+00 -1.045974469645E-01
 7.506139320976E+00 -1.073100848965E-01
 7.459932781686E+00 -1.091067381199E-01
 7.414589803375E+00 -1.099357803803E-01
 7.370389940581E+00 -1.097581552042E-01
 7.327605700156E+00 -1.085479292576E-01
 7.286500861170E+00 -1.062924609300E-01
 7.247328848625E+00 -1.029910217236E-01
 7.210331171002E+00 -9.864534698306E-02
 7.175735931288E+00 -9.321127492931E-02
 7.143756420640E+00 -8.639325051526E-02
 7.114589803375E+00 -7.693451355876E-02
 7.088415901388E+00 -6.071361894722E-02
 7.065396085487E+00 -2.713220121354E-02
 7.045672280493E+00  4.440865797439E-02
 7.029366090223E+00  1.810703003293E-01
 7.016578047761E+00  3.973737550897E-01
 7.007386995643E+00  6.646461538208E-01
 7.001849599760E+00  8.990605846386E-01
 7.000000000000E+00  1.000000000000E+00
 7.001849599760E+00  9.214639589819E-01
 7.007386995643E+00  7.092114380121E-01
 7.016578047761E+00  4.636212610103E-01
 7.029366090223E+00  2.682885532174E-01
 7.045672280493E+00  1.516639406050E-01
 7.065396085487E+00  9.901667103163E-02
 7.088415901388E+00  8.299100191704E-02
 7.114589803375E+00  8.281152697783E-02
 7.143756420640E+00  8.772364924182E-02
 7.175735931288E+00  9.347201238660E-02
 7.210331171002E+00  9.869002102982E-02
 7.247328848625E+00  1.029977843291E-01
 7.286500861170E+00  1.062933756112E-01
 7.327605700156E+00  1.085480411225E-01
 7.370389940581E+00  1.097581677300E-01
 7.414589803375E+00  1.099357816812E-01
 7.459932781686E+00  1.091067382469E-01
 7.506139320976E+00  1.073100849083E-01
 7.552924542563E+00  1.045974469656E-01
 7.600000000000E+00  1.010322670579E-01
 7.647075457437E+00  9.668888542620E-02
 7.693860679024E+00  9.165147087057E-02
 7.740067218314E+00  8.601281696869E-02
 7.785410196625E+00  7.987302026830E-02
 7.829610059419E+00  7.333805882962E-02
 7.872394299844E+00  6.651829087546E-02
 7.913499138830E+00  5.952689441177E-02
 7.952671151375E+00  5.247826949739E-02
 7.989668828998E+00  4.548642535689E-02
 8.024264068712E+00  3.866337473732E-02
 8.056243579360E+00  3.211755780718E-02
 8.085410196625E+00  2.595231748278E-02
 8.111584098612E+00  2.026444735176E-02
 8.134603914513E+00  1.514283235399E-02
 8.154327719507E+00  1.066720109101E-02
 8.170633909777E+00  6.907007084881E-03
 8.183421952239E+00  3.920454516227E-03
 8.192613004357E+00  1.753681965491E-03
 8.198150400240E+00  4.401154876419E-04
 8.200000000000E+00  0.000000000000E+00
*END
