*KEYWORD
*DEFINE_CURVE_TITLE
SYNTHETIC VTAIL Cp
$ LCID SIDR SFA SFO OFFA OFFO DATTYP
 1 0 1.0 1.0 0 0 0
$ ABSCISSA ORDINATE
 8.225000000000E+00  0.000000000000E+00
 8.224075200120E+00 -6.465144749498E-04
 8.221306502179E+00 -2.576098335515E-03
 8.216710976119E+00 -5.759012496251E-03
 8.210316954889E+00 -1.014615523503E-02
 8.202163859753E+00 -1.566975056817E-02
 8.192301957257E+00 -2.224429856138E-02
 8.180792049306E+00 -2.976777438569E-02
 8.167705098312E+00 -3.812305947470E-02
 8.153121789680E+00 -4.717958491676E-02
 8.137132034356E+00 -5.679516426931E-02
 8.119834414499E+00 -6.681799035184E-02
 8.101335575688E+00 -7.708876829617E-02
 8.081749569415E+00 -8.744295523935E-02
 8.061197149922E+00 -9.771307556189E-02
 8.039805029710E+00 -1.077310795221E-01
 8.017705098312E+00 -1.173307125321E-01
 7.995033609157E+00 -1.263498621678E-01
 7.971930339512E+00 -1.346328503133E-01
 7.948537728718E+00 -1.420326385916E-01
 7.925000000000E+00 -1.484129164366E-01
 7.901462271282E+00 -1.536500427826E-01
 7.878069660488E+00 -1.576348143679E-01
 7.854966390843E+00 -1.602740360266E-01
 7.832294901688E+00 -1.614918707947E-01
 7.810194970290E+00 -1.612309481681E-01
 7.788802850078E+00 -1.594531912777E-01
 7.768250430585E+00 -1.561401743259E-01
 7.748664424312E+00 -1.512918452118E-01
 7.730165585501E+00 -1.449170884482E-01
 7.712867965644E+00 -1.369852871275E-01
 7.696878210320E+00 -1.272206614928E-01
 7.682294901688E+00 -1.143922058225E-01
 7.669207950694E+00 -9.440987487402E-02
 7.657698042743E+00 -5.671193677448E-02
 7.647836140247E+00  1.925914342653E-02
 7.639683045111E+00  1.606191237900E-01
 7.633289023881E+00  3.818398571497E-01
 7.628693497821E+00  6.541963630449E-01
 7.625924799880E+00  8.938073796201E-01
 7.625000000000E+00  1.000000000000E+00
 7.625924799880E+00  9.267171640004E-01
 7.628693497821E+00  7.196612287880E-01
 7.633289023881E+00  4.791551589504E-01
 7.639683045111E+00  2.887397297566E-01
 7.647836140247E+00  1.768134551528E-01
 7.657698042743E+00  1.285964065926E-01
 7.669207950694E+00  1.166872578438E-01
 7.682294901688E+00  1.202692192416E-01
 7.696878210320E+00  1.285510602193E-01
 7.712867965644E+00  1.372460245848E-01
 7.730165585501E+00  1.449617624949E-01
 7.748664424312E+00  1.512986078173E-01
 7.768250430585E+00  1.561410890070E-01
 7.788802850078E+00  1.594533031427E-01
 7.810194970290E+00  1.612309606939E-01
 7.832294901688E+00  1.614918720956E-01
 7.854966390843E+00  1.602740361536E-01
 7.878069660488E+00  1.576348143798E-01
 7.901462271282E+00  1.536500427836E-01
 7.925000000000E+00  1.484129164367E-01
 7.948537728718E+00  1.420326385916E-01
 7.971930339512E+00  1.346328503133E-01
 7.995033609157E+00  1.263498621678E-01
 8.017705098312E+00  1.173307125321E-01
 8.039805029710E+00  1.077310795221E-01
 8.061197149922E+00  9.771307556189E-02
 8.081749569415E+00  8.744295523935E-02
 8.101335575688E+00  7.708876829617E-02
 8.119834414499E+00  6.681799035184E-02
 8.137132034356E+00  5.679516426931E-02
 8.153121789680E+00  4.717958491676E-02
 8.167705098312E+00  3.812305947470E-02
 8.180792049306E+00  2.976777438569E-02
 8.192301957257E+00  2.224429856138E-02
 8.202163859753E+00  1.566975056817E-02
 8.210316954889E+00  1.014615523503E-02
 8.216710976119E+00  5.759012496251E-03
 8.221306502179E+00  2.576098335515E-03
 8.224075200120E+00  6.465144749498E-04
 8.225000000000E+00  0.000000000000E+00
*END
