*KEYWORD
*DEFINE_CURVE_TITLE
SYNTHETIC VTAIL Cp
$ LCID SIDR SFA SFO OFFA OFFO DATTYP
 1 0 1.0 1.0 0 0 0
$ ABSCISSA ORDINATE
 8.225000000000E+00  0.000000000000E+00
 8.224075200120E+00 -5.190327474949E-04
 8.221306502179E+00 -2.068135283441E-03
 8.216710976119E+00 -4.623432567413E-03
 8.210316954889E+00 -8.145504906998E-03
 8.202163859753E+00 -1.257994059699E-02
 8.192301957257E+00 -1.785809884505E-02
 8.180792049306E+00 -2.389807239415E-02
 8.167705098312E+00 -3.060583647969E-02
 8.153121789680E+00 -3.787656817261E-02
 8.137132034356E+00 -4.559611779367E-02
 8.119834414499E+00 -5.364261197261E-02
 8.101335575688E+00 -6.188816609693E-02
 8.081749569415E+00 -7.020068237525E-02
 8.061197149922E+00 -7.844570854969E-02
 8.039805029710E+00 -8.648833144735E-02
 8.017705098312E+00 -9.419507907503E-02
 7.995033609157E+00 -1.014358048389E-01
 7.971930339512E+00 -1.080855277163E-01
 7.948537728718E+00 -1.140262028130E-01
 7.925000000000E+00 -1.191483977027E-01
 7.901462271282E+00 -1.233528512479E-01
 7.878069660488E+00 -1.265518932238E-01
 7.854966390843E+00 -1.286707049666E-01
 7.832294901688E+00 -1.296484031858E-01
 7.810194970290E+00 -1.294389289845E-01
 7.788802850078E+00 -1.280117059123E-01
 7.768250430585E+00 -1.253518807578E-01
 7.748664424312E+00 -1.214589836455E-01
 7.730165585501E+00 -1.163374834256E-01
 7.712867965644E+00 -1.099483972404E-01
 7.696878210320E+00 -1.020037311831E-01
 7.682294901688E+00 -9.125657236549E-02
 7.669207950694E+00 -7.359748150747E-02
 7.657698042743E+00 -3.844210010449E-02
 7.647836140247E+00  3.479266711785E-02
 7.639683045111E+00  1.732507328290E-01
 7.633289023881E+00  3.914343235244E-01
 7.628693497821E+00  6.606506455829E-01
 7.625924799880E+00  8.970520062491E-01
 7.625000000000E+00  1.000000000000E+00
 7.625924799880E+00  9.234725373713E-01
 7.628693497821E+00  7.132069462499E-01
 7.633289023881E+00  4.695606925756E-01
 7.639683045111E+00  2.761081207177E-01
 7.647836140247E+00  1.612799314615E-01
 7.657698042743E+00  1.103265699226E-01
 7.669207950694E+00  9.587486447728E-02
 7.682294901688E+00  9.713358578456E-02
 7.696878210320E+00  1.033341299097E-01
 7.712867965644E+00  1.102091346977E-01
 7.730165585501E+00  1.163821574724E-01
 7.748664424312E+00  1.214657462510E-01
 7.768250430585E+00  1.253527954390E-01
 7.788802850078E+00  1.280118177773E-01
 7.810194970290E+00  1.294389415104E-01
 7.832294901688E+00  1.296484044867E-01
 7.854966390843E+00  1.286707050936E-01
 7.878069660488E+00  1.265518932356E-01
 7.901462271282E+00  1.233528512489E-01
 7.925000000000E+00  1.191483977027E-01
 7.948537728718E+00  1.140262028130E-01
 7.971930339512E+00  1.080855277163E-01
 7.995033609157E+00  1.014358048389E-01
 8.017705098312E+00  9.419507907503E-02
 8.039805029710E+00  8.648833144735E-02
 8.061197149922E+00  7.844570854969E-02
 8.081749569415E+00  7.020068237525E-02
 8.101335575688E+00  6.188816609693E-02
 8.119834414499E+00  5.364261197261E-02
 8.137132034356E+00  4.559611779367E-02
 8.153121789680E+00  3.787656817261E-02
 8.167705098312E+00  3.060583647969E-02
 8.180792049306E+00  2.389807239415E-02
 8.192301957257E+00  1.785809884505E-02
 8.202163859753E+00  1.257994059699E-02
 8.210316954889E+00  8.145504906998E-03
 8.216710976119E+00  4.623432567413E-03
 8.221306502179E+00  2.068135283441E-03
 8.224075200120E+00  5.190327474949E-04
 8.225000000000E+00  0.000000000000E+00
*END
