*KEYWORD
*DEFINE_CURVE_TITLE
SYNTHETIC VTAIL Cp
$ LCID SIDR SFA SFO OFFA OFFO DATTYP
 1 0 1.0 1.0 0 0 0
$ ABSCISSA ORDINATE
 8.218750000000E+00  0.000000000000E+00
 8.217594000150E+00 -4.234214519038E-04
 8.214133127723E+00 -1.687162994386E-03
 8.208388720149E+00 -3.771747620784E-03
 8.200396193611E+00 -6.645017160972E-03
 8.190204824692E+00 -1.026258311859E-02
 8.177877446571E+00 -1.456844905780E-02
 8.163490061633E+00 -1.949579590049E-02
 8.147131372891E+00 -2.496791923343E-02
 8.128902237100E+00 -3.089930561450E-02
 8.108915042945E+00 -3.719683293694E-02
 8.087293018124E+00 -4.376107818818E-02
 8.064169469610E+00 -5.048771444749E-02
 8.039686961768E+00 -5.726897772718E-02
 8.013996437402E+00 -6.399518329053E-02
 7.987256287137E+00 -7.055627039126E-02
 7.959631372891E+00 -7.684335398226E-02
 7.931292011446E+00 -8.275026184229E-02
 7.902412924390E+00 -8.817503576858E-02
 7.873172160898E+00 -9.302137597899E-02
 7.843750000000E+00 -9.720000865216E-02
 7.814327839102E+00 -1.006299575969E-01
 7.785087075610E+00 -1.032397023657E-01
 7.756207988554E+00 -1.049682066715E-01
 7.727868627109E+00 -1.057658024791E-01
 7.700243712863E+00 -1.055949145968E-01
 7.673503562598E+00 -1.044305918883E-01
 7.647813038232E+00 -1.022606605818E-01
 7.623330530390E+00 -9.908433747083E-02
 7.600206981876E+00 -9.490277965868E-02
 7.578584957055E+00 -8.967072982504E-02
 7.558597762900E+00 -8.309103345090E-02
 7.540368627109E+00 -7.390484727272E-02
 7.524009938367E+00 -5.798818648256E-02
 7.509622553429E+00 -2.473972260199E-02
 7.497295175308E+00  4.644280988635E-02
 7.487103806389E+00  1.827244396082E-01
 7.479111279851E+00  3.986301733055E-01
 7.473366872277E+00  6.654913574865E-01
 7.469905999850E+00  8.994854762209E-01
 7.468750000000E+00  1.000000000000E+00
 7.469905999850E+00  9.210390673995E-01
 7.473366872277E+00  7.083662343464E-01
 7.479111279851E+00  4.623648427946E-01
 7.487103806389E+00  2.666344139385E-01
 7.497295175308E+00  1.496297886930E-01
 7.509622553429E+00  9.662419242009E-02
 7.524009938367E+00  8.026556945237E-02
 7.540368627109E+00  7.978186069179E-02
 7.558597762900E+00  8.442143217746E-02
 7.578584957055E+00  8.993146728234E-02
 7.600206981876E+00  9.494745370544E-02
 7.623330530390E+00  9.909110007636E-02
 7.647813038232E+00  1.022615752630E-01
 7.673503562598E+00  1.044307037533E-01
 7.700243712863E+00  1.055949271227E-01
 7.727868627109E+00  1.057658037800E-01
 7.756207988554E+00  1.049682067985E-01
 7.785087075610E+00  1.032397023775E-01
 7.814327839102E+00  1.006299575979E-01
 7.843750000000E+00  9.720000865225E-02
 7.873172160898E+00  9.302137597900E-02
 7.902412924390E+00  8.817503576858E-02
 7.931292011446E+00  8.275026184229E-02
 7.959631372891E+00  7.684335398226E-02
 7.987256287137E+00  7.055627039126E-02
 8.013996437402E+00  6.399518329053E-02
 8.039686961768E+00  5.726897772718E-02
 8.064169469610E+00  5.048771444749E-02
 8.087293018124E+00  4.376107818818E-02
 8.108915042945E+00  3.719683293694E-02
 8.128902237100E+00  3.089930561450E-02
 8.147131372891E+00  2.496791923343E-02
 8.163490061633E+00  1.949579590049E-02
 8.177877446571E+00  1.456844905780E-02
 8.190204824692E+00  1.026258311859E-02
 8.200396193611E+00  6.645017160972E-03
 8.208388720149E+00  3.771747620784E-03
 8.214133127723E+00  1.687162994386E-03
 8.217594000150E+00  4.234214519038E-04
 8.218750000000E+00  0.000000000000E+00
*END
