*KEYWORD
*DEFINE_CURVE_TITLE
SYNTHETIC VTAIL Cp
$ LCID SIDR SFA SFO OFFA OFFO DATTYP
 1 0 1.0 1.0 0 0 0
$ ABSCISSA ORDINATE
 8.206250000000E+00  0.000000000000E+00
 8.204631600210E+00 -6.362704075650E-04
 8.199786378812E+00 -2.535279875973E-03
 8.191744208209E+00 -5.667760537684E-03
 8.180554671055E+00 -9.985388690816E-03
 8.166286754568E+00 -1.542146226692E-02
 8.149028425199E+00 -2.189183608417E-02
 8.128886086286E+00 -2.929610190423E-02
 8.105983922047E+00 -3.751899691261E-02
 8.080463131940E+00 -4.643202107125E-02
 8.052481060123E+00 -5.589524089180E-02
 8.022210225373E+00 -6.575925458923E-02
 7.989837257454E+00 -7.586729133373E-02
 7.955561746476E+00 -8.605741545563E-02
 7.919595012363E+00 -9.616480499841E-02
 7.882158801992E+00 -1.060240729804E-01
 7.843483922047E+00 -1.154715991293E-01
 7.803808816024E+00 -1.243478397039E-01
 7.763378094146E+00 -1.324995833189E-01
 7.722441025257E+00 -1.397821214308E-01
 7.681250000000E+00 -1.460613033241E-01
 7.640058974743E+00 -1.512154470343E-01
 7.599121905854E+00 -1.551370796331E-01
 7.558691183976E+00 -1.577344826378E-01
 7.519016077953E+00 -1.589330207190E-01
 7.480341198008E+00 -1.586762323408E-01
 7.442904987637E+00 -1.569266433466E-01
 7.406938253524E+00 -1.536661150213E-01
 7.372662742546E+00 -1.488945616930E-01
 7.340289774627E+00 -1.426205130446E-01
 7.310018939877E+00 -1.348126799045E-01
 7.282036868060E+00 -1.251943010215E-01
 7.256516077953E+00 -1.125330924197E-01
 7.233613913714E+00 -9.273745040706E-02
 7.213471574801E+00 -5.524382489921E-02
 7.196213245432E+00  2.050737300887E-02
 7.181945328945E+00  1.616341638021E-01
 7.170755791791E+00  3.826108410548E-01
 7.162713621188E+00  6.547150107488E-01
 7.157868399790E+00  8.940681085457E-01
 7.156250000000E+00  1.000000000000E+00
 7.157868399790E+00  9.264564350748E-01
 7.162713621188E+00  7.191425810840E-01
 7.170755791791E+00  4.783841750452E-01
 7.181945328945E+00  2.877246897446E-01
 7.196213245432E+00  1.755652255705E-01
 7.213471574801E+00  1.271282947173E-01
 7.233613913714E+00  1.150148333769E-01
 7.256516077953E+00  1.184101058388E-01
 7.282036868060E+00  1.265246997480E-01
 7.310018939877E+00  1.350734173617E-01
 7.340289774627E+00  1.426651870913E-01
 7.372662742546E+00  1.489013242986E-01
 7.406938253524E+00  1.536670297025E-01
 7.442904987637E+00  1.569267552116E-01
 7.480341198008E+00  1.586762448667E-01
 7.519016077953E+00  1.589330220198E-01
 7.558691183976E+00  1.577344827648E-01
 7.599121905854E+00  1.551370796450E-01
 7.640058974743E+00  1.512154470353E-01
 7.681250000000E+00  1.460613033242E-01
 7.722441025257E+00  1.397821214308E-01
 7.763378094146E+00  1.324995833189E-01
 7.803808816024E+00  1.243478397039E-01
 7.843483922047E+00  1.154715991293E-01
 7.882158801992E+00  1.060240729804E-01
 7.919595012363E+00  9.616480499841E-02
 7.955561746476E+00  8.605741545563E-02
 7.989837257454E+00  7.586729133373E-02
 8.022210225373E+00  6.575925458923E-02
 8.052481060123E+00  5.589524089180E-02
 8.080463131940E+00  4.643202107125E-02
 8.105983922047E+00  3.751899691261E-02
 8.128886086286E+00  2.929610190423E-02
 8.149028425199E+00  2.189183608417E-02
 8.166286754568E+00  1.542146226692E-02
 8.180554671055E+00  9.985388690816E-03
 8.191744208209E+00  5.667760537684E-03
 8.199786378812E+00  2.535279875973E-03
 8.204631600210E+00  6.362704075650E-04
 8.206250000000E+00  0.000000000000E+00
*END
