*KEYWORD
*DEFINE_CURVE_TITLE
SYNTHETIC VTAIL Cp
$ LCID SIDR SFA SFO OFFA OFFO DATTYP
 1 0 1.0 1.0 0 0 0
$ ABSCISSA ORDINATE
 8.218750000000E+00  0.000000000000E+00
 8.217594000150E+00 -6.704172988476E-04
 8.214133127723E+00 -2.671341407778E-03
 8.208388720149E+00 -5.971933732908E-03
 8.200396193611E+00 -1.052127717154E-02
 8.190204824692E+00 -1.624908993777E-02
 8.177877446571E+00 -2.306671100819E-02
 8.163490061633E+00 -3.086834350911E-02
 8.147131372891E+00 -3.953253878627E-02
 8.128902237100E+00 -4.892390055629E-02
 8.108915042945E+00 -5.889498548349E-02
 8.087293018124E+00 -6.928837379795E-02
 8.064169469610E+00 -7.993888120853E-02
 8.039686961768E+00 -9.067588140137E-02
 8.013996437402E+00 -1.013257068767E-01
 7.987256287137E+00 -1.117140947862E-01
 7.959631372891E+00 -1.216686438052E-01
 7.931292011446E+00 -1.310212479170E-01
 7.902412924390E+00 -1.396104733003E-01
 7.873172160898E+00 -1.472838453001E-01
 7.843750000000E+00 -1.539000136993E-01
 7.814327839102E+00 -1.593307661953E-01
 7.785087075610E+00 -1.634628620825E-01
 7.756207988554E+00 -1.661996606003E-01
 7.727868627109E+00 -1.674625209713E-01
 7.700243712863E+00 -1.671919517650E-01
 7.673503562598E+00 -1.653484697837E-01
 7.647813038232E+00 -1.619129793699E-01
 7.623330530390E+00 -1.568855067554E-01
 7.600206981876E+00 -1.502757643899E-01
 7.578584957055E+00 -1.420547039814E-01
 7.558597762900E+00 -1.319488359258E-01
 7.540368627109E+00 -1.187301370957E-01
 7.524009938367E+00 -9.831219863025E-02
 7.509622553429E+00 -6.013753115010E-02
 7.497295175308E+00  1.634660773441E-02
 7.487103806389E+00  1.582506970952E-01
 7.479111279851E+00  3.800408947044E-01
 7.473366872277E+00  6.529861850690E-01
 7.469905999850E+00  8.931990121272E-01
 7.468750000000E+00  1.000000000000E+00
 7.469905999850E+00  9.273255314933E-01
 7.473366872277E+00  7.208714067639E-01
 7.479111279851E+00  4.809541213956E-01
 7.487103806389E+00  2.911081564514E-01
 7.497295175308E+00  1.797259908449E-01
 7.509622553429E+00  1.320220009682E-01
 7.524009938367E+00  1.205895816001E-01
 7.540368627109E+00  1.246071505148E-01
 7.558597762900E+00  1.332792346524E-01
 7.578584957055E+00  1.423154414387E-01
 7.600206981876E+00  1.503204384366E-01
 7.623330530390E+00  1.568922693610E-01
 7.647813038232E+00  1.619138940510E-01
 7.673503562598E+00  1.653485816487E-01
 7.700243712863E+00  1.671919642908E-01
 7.727868627109E+00  1.674625222722E-01
 7.756207988554E+00  1.661996607273E-01
 7.785087075610E+00  1.634628620943E-01
 7.814327839102E+00  1.593307661964E-01
 7.843750000000E+00  1.539000136994E-01
 7.873172160898E+00  1.472838453001E-01
 7.902412924390E+00  1.396104733003E-01
 7.931292011446E+00  1.310212479170E-01
 7.959631372891E+00  1.216686438052E-01
 7.987256287137E+00  1.117140947862E-01
 8.013996437402E+00  1.013257068767E-01
 8.039686961768E+00  9.067588140137E-02
 8.064169469610E+00  7.993888120853E-02
 8.087293018124E+00  6.928837379795E-02
 8.108915042945E+00  5.889498548349E-02
 8.128902237100E+00  4.892390055629E-02
 8.147131372891E+00  3.953253878627E-02
 8.163490061633E+00  3.086834350911E-02
 8.177877446571E+00  2.306671100819E-02
 8.190204824692E+00  1.624908993777E-02
 8.200396193611E+00  1.052127717154E-02
 8.208388720149E+00  5.971933732908E-03
 8.214133127723E+00  2.671341407778E-03
 8.217594000150E+00  6.704172988476E-04
 8.218750000000E+00  0.000000000000E+00
*END
