*KEYWORD
*DEFINE_CURVE_TITLE
SYNTHETIC VTAIL Cp
$ LCID SIDR SFA SFO OFFA OFFO DATTYP
 1 0 1.0 1.0 0 0 0
$ ABSCISSA ORDINATE
 8.206250000000E+00  0.000000000000E+00
 8.204631600210E+00 -5.326915040079E-04
 8.199786378812E+00 -2.122559896163E-03
 8.191744208209E+00 -4.745101845503E-03
 8.180554671055E+00 -8.359860299287E-03
 8.166286754568E+00 -1.291099166533E-02
 8.149028425199E+00 -1.832804881466E-02
 8.128886086286E+00 -2.452696903610E-02
 8.105983922047E+00 -3.141125322916E-02
 8.080463131940E+00 -3.887331996663E-02
 8.052481060123E+00 -4.679601563035E-02
 8.022210225373E+00 -5.505425965610E-02
 7.989837257454E+00 -6.351680204685E-02
 7.955561746476E+00 -7.204806875355E-02
 7.919595012363E+00 -8.051006930099E-02
 7.882158801992E+00 -8.876434016965E-02
 7.843483922047E+00 -9.667389694542E-02
 7.803808816024E+00 -1.041051681242E-01
 7.763378094146E+00 -1.109298837089E-01
 7.722441025257E+00 -1.170268923607E-01
 7.681250000000E+00 -1.222838818527E-01
 7.640058974743E+00 -1.265989789123E-01
 7.599121905854E+00 -1.298822062035E-01
 7.558691183976E+00 -1.320567761516E-01
 7.519016077953E+00 -1.330602032867E-01
 7.480341198008E+00 -1.328452167542E-01
 7.442904987637E+00 -1.313804364872E-01
 7.406938253524E+00 -1.286506264973E-01
 7.372662742546E+00 -1.246553616705E-01
 7.340289774627E+00 -1.193995839637E-01
 7.310018939877E+00 -1.128452068712E-01
 7.282036868060E+00 -1.047055451449E-01
 7.256516077953E+00 -9.373539023589E-02
 7.233613913714E+00 -7.582738079674E-02
 7.213471574801E+00 -4.039958260484E-02
 7.196213245432E+00  3.312836100807E-02
 7.181945328945E+00  1.718973461462E-01
 7.170755791791E+00  3.904063449843E-01
 7.162713621188E+00  6.599591153110E-01
 7.157868399790E+00  8.967043676818E-01
 7.156250000000E+00  1.000000000000E+00
 7.157868399790E+00  9.238201759387E-01
 7.162713621188E+00  7.138984765219E-01
 7.170755791791E+00  4.705886711158E-01
 7.181945328945E+00  2.774615074004E-01
 7.196213245432E+00  1.629442375713E-01
 7.213471574801E+00  1.122840524229E-01
 7.233613913714E+00  9.810476376656E-02
 7.256516077953E+00  9.961240365496E-02
 7.282036868060E+00  1.060359438714E-01
 7.310018939877E+00  1.131059443284E-01
 7.340289774627E+00  1.194442580105E-01
 7.372662742546E+00  1.246621242760E-01
 7.406938253524E+00  1.286515411784E-01
 7.442904987637E+00  1.313805483522E-01
 7.480341198008E+00  1.328452292800E-01
 7.519016077953E+00  1.330602045876E-01
 7.558691183976E+00  1.320567762786E-01
 7.599121905854E+00  1.298822062153E-01
 7.640058974743E+00  1.265989789134E-01
 7.681250000000E+00  1.222838818528E-01
 7.722441025257E+00  1.170268923607E-01
 7.763378094146E+00  1.109298837089E-01
 7.803808816024E+00  1.041051681242E-01
 7.843483922047E+00  9.667389694542E-02
 7.882158801992E+00  8.876434016965E-02
 7.919595012363E+00  8.051006930099E-02
 7.955561746476E+00  7.204806875355E-02
 7.989837257454E+00  6.351680204685E-02
 8.022210225373E+00  5.505425965610E-02
 8.052481060123E+00  4.679601563035E-02
 8.080463131940E+00  3.887331996663E-02
 8.105983922047E+00  3.141125322916E-02
 8.128886086286E+00  2.452696903610E-02
 8.149028425199E+00  1.832804881466E-02
 8.166286754568E+00  1.291099166533E-02
 8.180554671055E+00  8.359860299287E-03
 8.191744208209E+00  4.745101845503E-03
 8.199786378812E+00  2.122559896163E-03
 8.204631600210E+00  5.326915040079E-04
 8.206250000000E+00  0.000000000000E+00
*END
