*KEYWORD
*DEFINE_CURVE_TITLE
SYNTHETIC VTAIL Cp
$ LCID SIDR SFA SFO OFFA OFFO DATTYP
 1 0 1.0 1.0 0 0 0
$ ABSCISSA ORDINATE
 8.225000000000E+00  0.000000000000E+00
 8.224075200120E+00 -2.640692925851E-04
 8.221306502179E+00 -1.052209179295E-03
 8.216710976119E+00 -2.352272709736E-03
 8.210316954889E+00 -4.144204250929E-03
 8.202163859753E+00 -6.400320654607E-03
 8.192301957257E+00 -9.085699412393E-03
 8.180792049306E+00 -1.215866841106E-02
 8.167705098312E+00 -1.557139048967E-02
 8.153121789680E+00 -1.927053468431E-02
 8.137132034356E+00 -2.319802484239E-02
 8.119834414499E+00 -2.729185521413E-02
 8.101335575688E+00 -3.148696169844E-02
 8.081749569415E+00 -3.571613664706E-02
 8.061197149922E+00 -3.991097452528E-02
 8.039805029710E+00 -4.400283529777E-02
 8.017705098312E+00 -4.792381216098E-02
 7.995033609157E+00 -5.160769018122E-02
 7.971930339512E+00 -5.499088252234E-02
 7.948537728718E+00 -5.801333125571E-02
 7.925000000000E+00 -6.061936023466E-02
 7.901462271282E+00 -6.275846817848E-02
 7.878069660488E+00 -6.438605093552E-02
 7.854966390843E+00 -6.546404284653E-02
 7.832294901688E+00 -6.596146796798E-02
 7.810194970290E+00 -6.585489061734E-02
 7.788802850078E+00 -6.512873518154E-02
 7.768250430585E+00 -6.377529362177E-02
 7.748664424312E+00 -6.179326051303E-02
 7.730165585501E+00 -5.917827338048E-02
 7.712867965644E+00 -5.587461746613E-02
 7.696878210320E+00 -5.156987056385E-02
 7.682294901688E+00 -4.498530545144E-02
 7.669207950694E+00 -3.197269477437E-02
 7.657698042743E+00 -1.902426764505E-03
 7.647836140247E+00  6.585971450050E-02
 7.639683045111E+00  1.985139509069E-01
 7.633289023881E+00  4.106232562738E-01
 7.628693497821E+00  6.735592106590E-01
 7.625924799880E+00  9.035412595072E-01
 7.625000000000E+00  1.000000000000E+00
 7.625924799880E+00  9.169832841132E-01
 7.628693497821E+00  7.002983811738E-01
 7.633289023881E+00  4.503717598262E-01
 7.639683045111E+00  2.508449026398E-01
 7.647836140247E+00  1.302128840788E-01
 7.657698042743E+00  7.378689658260E-02
 7.669207950694E+00  5.425007774419E-02
 7.682294901688E+00  5.086231887051E-02
 7.696878210320E+00  5.290026929040E-02
 7.712867965644E+00  5.613535492342E-02
 7.730165585501E+00  5.922294742725E-02
 7.748664424312E+00  6.180002311855E-02
 7.768250430585E+00  6.377620830294E-02
 7.788802850078E+00  6.512884704652E-02
 7.810194970290E+00  6.585490314320E-02
 7.832294901688E+00  6.596146926887E-02
 7.854966390843E+00  6.546404297353E-02
 7.878069660488E+00  6.438605094734E-02
 7.901462271282E+00  6.275846817955E-02
 7.925000000000E+00  6.061936023475E-02
 7.948537728718E+00  5.801333125572E-02
 7.971930339512E+00  5.499088252234E-02
 7.995033609157E+00  5.160769018122E-02
 8.017705098312E+00  4.792381216098E-02
 8.039805029710E+00  4.400283529777E-02
 8.061197149922E+00  3.991097452528E-02
 8.081749569415E+00  3.571613664706E-02
 8.101335575688E+00  3.148696169844E-02
 8.119834414499E+00  2.729185521413E-02
 8.137132034356E+00  2.319802484239E-02
 8.153121789680E+00  1.927053468431E-02
 8.167705098312E+00  1.557139048967E-02
 8.180792049306E+00  1.215866841106E-02
 8.192301957257E+00  9.085699412393E-03
 8.202163859753E+00  6.400320654607E-03
 8.210316954889E+00  4.144204250929E-03
 8.216710976119E+00  2.352272709736E-03
 8.221306502179E+00  1.052209179295E-03
 8.224075200120E+00  2.640692925851E-04
 8.225000000000E+00  0.000000000000E+00
*END
