*KEYWORD
*DEFINE_CURVE_TITLE
SYNTHETIC VTAIL Cp
$ LCID SIDR SFA SFO OFFA OFFO DATTYP
 1 0 1.0 1.0 0 0 0
$ ABSCISSA ORDINATE
 8.225000000000E+00  0.000000000000E+00
 8.224075200120E+00 -3.915510200400E-04
 8.221306502179E+00 -1.560172231368E-03
 8.216710976119E+00 -3.487852638575E-03
 8.210316954889E+00 -6.144854578963E-03
 8.202163859753E+00 -9.490130625796E-03
 8.192301957257E+00 -1.347189912872E-02
 8.180792049306E+00 -1.802837040260E-02
 8.167705098312E+00 -2.308861348468E-02
 8.153121789680E+00 -2.857355142846E-02
 8.137132034356E+00 -3.439707131803E-02
 8.119834414499E+00 -4.046723359337E-02
 8.101335575688E+00 -4.668756389768E-02
 8.081749569415E+00 -5.295840951116E-02
 8.061197149922E+00 -5.917834153748E-02
 8.039805029710E+00 -6.524558337256E-02
 8.017705098312E+00 -7.105944561800E-02
 7.995033609157E+00 -7.652174751008E-02
 7.971930339512E+00 -8.153820511933E-02
 7.948537728718E+00 -8.601976703433E-02
 7.925000000000E+00 -8.988387896866E-02
 7.901462271282E+00 -9.305565971318E-02
 7.878069660488E+00 -9.546897207966E-02
 7.854966390843E+00 -9.706737390654E-02
 7.832294901688E+00 -9.780493557688E-02
 7.810194970290E+00 -9.764690980092E-02
 7.788802850078E+00 -9.657022054693E-02
 7.768250430585E+00 -9.456358718980E-02
 7.748664424312E+00 -9.162612207927E-02
 7.730165585501E+00 -8.775787840304E-02
 7.712867965644E+00 -8.291150735326E-02
 7.696878210320E+00 -7.678680087349E-02
 7.682294901688E+00 -6.812093890847E-02
 7.669207950694E+00 -5.278508814092E-02
 7.657698042743E+00 -2.017226343450E-02
 7.647836140247E+00  5.032619080918E-02
 7.639683045111E+00  1.858823418679E-01
 7.633289023881E+00  4.010287898991E-01
 7.628693497821E+00  6.671049281210E-01
 7.625924799880E+00  9.002966328782E-01
 7.625000000000E+00  1.000000000000E+00
 7.625924799880E+00  9.202279107423E-01
 7.628693497821E+00  7.067526637119E-01
 7.633289023881E+00  4.599662262009E-01
 7.639683045111E+00  2.634765116787E-01
 7.647836140247E+00  1.457464077702E-01
 7.657698042743E+00  9.205673325259E-02
 7.669207950694E+00  7.506247111074E-02
 7.682294901688E+00  7.399795232754E-02
 7.696878210320E+00  7.811719960005E-02
 7.712867965644E+00  8.317224481055E-02
 7.730165585501E+00  8.780255244980E-02
 7.748664424312E+00  9.163288468480E-02
 7.768250430585E+00  9.456450187097E-02
 7.788802850078E+00  9.657033241192E-02
 7.810194970290E+00  9.764692232677E-02
 7.832294901688E+00  9.780493687777E-02
 7.854966390843E+00  9.706737403354E-02
 7.878069660488E+00  9.546897209148E-02
 7.901462271282E+00  9.305565971424E-02
 7.925000000000E+00  8.988387896875E-02
 7.948537728718E+00  8.601976703434E-02
 7.971930339512E+00  8.153820511934E-02
 7.995033609157E+00  7.652174751008E-02
 8.017705098312E+00  7.105944561800E-02
 8.039805029710E+00  6.524558337256E-02
 8.061197149922E+00  5.917834153748E-02
 8.081749569415E+00  5.295840951116E-02
 8.101335575688E+00  4.668756389768E-02
 8.119834414499E+00  4.046723359337E-02
 8.137132034356E+00  3.439707131803E-02
 8.153121789680E+00  2.857355142846E-02
 8.167705098312E+00  2.308861348468E-02
 8.180792049306E+00  1.802837040260E-02
 8.192301957257E+00  1.347189912872E-02
 8.202163859753E+00  9.490130625796E-03
 8.210316954889E+00  6.144854578963E-03
 8.216710976119E+00  3.487852638575E-03
 8.221306502179E+00  1.560172231368E-03
 8.224075200120E+00  3.915510200400E-04
 8.225000000000E+00  0.000000000000E+00
*END
