*KEYWORD
*DEFINE_CURVE_TITLE
SYNTHETIC VTAIL Cp
$ LCID SIDR SFA SFO OFFA OFFO DATTYP
 1 0 1.0 1.0 0 0 0
$ ABSCISSA ORDINATE
 8.212500000000E+00  0.000000000000E+00
 8.211112800180E+00 -9.697717124247E-04
 8.206959753268E+00 -3.864147503272E-03
 8.200066464179E+00 -8.638518744377E-03
 8.190475432333E+00 -1.521923285255E-02
 8.178245789630E+00 -2.350462585226E-02
 8.163452935885E+00 -3.336644784206E-02
 8.146188073959E+00 -4.465166157854E-02
 8.126557647469E+00 -5.718458921206E-02
 8.104682684520E+00 -7.076937737514E-02
 8.080698051534E+00 -8.519274640396E-02
 8.054751621749E+00 -1.002269855278E-01
 8.027003363532E+00 -1.156331524443E-01
 7.997624354122E+00 -1.311644328590E-01
 7.966795724883E+00 -1.465696133428E-01
 7.934707544564E+00 -1.615966192832E-01
 7.901557647469E+00 -1.759960687981E-01
 7.867550413735E+00 -1.895247932517E-01
 7.832895509268E+00 -2.019492754700E-01
 7.797806593078E+00 -2.130489578874E-01
 7.762500000000E+00 -2.226193746550E-01
 7.727193406922E+00 -2.304750641741E-01
 7.692104490732E+00 -2.364522215549E-01
 7.657449586265E+00 -2.404110540716E-01
 7.623442352531E+00 -2.422378065172E-01
 7.590292455436E+00 -2.418464253836E-01
 7.558204275117E+00 -2.391798148828E-01
 7.527375645878E+00 -2.342104901591E-01
 7.497996636468E+00 -2.269394584690E-01
 7.470248378251E+00 -2.173868011839E-01
 7.444301948466E+00 -2.055431150556E-01
 7.420317315480E+00 -1.911635919208E-01
 7.398442352531E+00 -1.730575620885E-01
 7.378811926041E+00 -1.471841580535E-01
 7.361547064115E+00 -1.030390226162E-01
 7.346754210370E+00 -2.012943450504E-02
 7.334524567667E+00  1.285889722984E-01
 7.324933535821E+00  3.575110316995E-01
 7.318040246732E+00  6.378301466091E-01
 7.313887199820E+00  8.855799335250E-01
 7.312500000000E+00  1.000000000000E+00
 7.313887199820E+00  9.349446100954E-01
 7.318040246732E+00  7.360274452238E-01
 7.324933535821E+00  5.034839844005E-01
 7.334524567667E+00  3.207698812483E-01
 7.346754210370E+00  2.162020330844E-01
 7.361547064115E+00  1.749234924343E-01
 7.378811926041E+00  1.694615410233E-01
 7.398442352531E+00  1.789345755076E-01
 7.420317315480E+00  1.924939906474E-01
 7.444301948466E+00  2.058038525129E-01
 7.470248378251E+00  2.174314752307E-01
 7.497996636468E+00  2.269462210745E-01
 7.527375645878E+00  2.342114048403E-01
 7.558204275117E+00  2.391799267478E-01
 7.590292455436E+00  2.418464379094E-01
 7.623442352531E+00  2.422378078181E-01
 7.657449586265E+00  2.404110541986E-01
 7.692104490732E+00  2.364522215667E-01
 7.727193406922E+00  2.304750641752E-01
 7.762500000000E+00  2.226193746551E-01
 7.797806593078E+00  2.130489578874E-01
 7.832895509268E+00  2.019492754700E-01
 7.867550413735E+00  1.895247932517E-01
 7.901557647469E+00  1.759960687981E-01
 7.934707544564E+00  1.615966192832E-01
 7.966795724883E+00  1.465696133428E-01
 7.997624354122E+00  1.311644328590E-01
 8.027003363532E+00  1.156331524443E-01
 8.054751621749E+00  1.002269855278E-01
 8.080698051534E+00  8.519274640396E-02
 8.104682684520E+00  7.076937737514E-02
 8.126557647469E+00  5.718458921206E-02
 8.146188073959E+00  4.465166157854E-02
 8.163452935885E+00  3.336644784206E-02
 8.178245789630E+00  2.350462585226E-02
 8.190475432333E+00  1.521923285255E-02
 8.200066464179E+00  8.638518744377E-03
 8.206959753268E+00  3.864147503272E-03
 8.211112800180E+00  9.697717124247E-04
 8.212500000000E+00  0.000000000000E+00
*END
