*KEYWORD
*DEFINE_CURVE_TITLE
SYNTHETIC VTAIL local section geometry
$ LCID SIDR SFA SFO OFFA OFFO DATTYP
 1 0 1.0 1.0 0 0 0
$ ABSCISSA ORDINATE
 8.206250000000E+00 -1.457167719821E-17
 8.204631600210E+00  1.958325564627E-04
 8.199786378812E+00  7.797880507398E-04
 8.191744208209E+00  1.741393648174E-03
 8.180554671055E+00  3.063691977019E-03
 8.166286754568E+00  4.723936449469E-03
 8.149028425199E+00  6.694468941196E-03
 8.128886086286E+00  8.943696628848E-03
 8.105983922047E+00  1.143707747692E-02
 8.080463131940E+00  1.413802645855E-02
 8.052481060123E+00  1.700866688515E-02
 8.022210225373E+00  2.001037196284E-02
 7.989837257454E+00  2.310406872571E-02
 7.955561746476E+00  2.625030694820E-02
 7.919595012363E+00  2.940912623124E-02
 7.882158801992E+00  3.253978183139E-02
 7.843483922047E+00  3.560041087307E-02
 7.803808816024E+00  3.854773286333E-02
 7.763378094146E+00  4.133688029207E-02
 7.722441025257E+00  4.392144597620E-02
 7.681250000000E+00  4.625381425050E-02
 7.640058974743E+00  4.828581477878E-02
 7.599121905854E+00  4.996970326640E-02
 7.558691183976E+00  5.125943602678E-02
 7.519016077953E+00  5.211216890976E-02
 7.480341198008E+00  5.248987929611E-02
 7.442904987637E+00  5.236098611602E-02
 7.406938253524E+00  5.170182989401E-02
 7.372662742546E+00  5.049787442327E-02
 7.340289774627E+00  4.874450443025E-02
 7.310018939877E+00  4.644731885754E-02
 7.282036868060E+00  4.362185531014E-02
 7.256516077953E+00  4.029272485085E-02
 7.233613913714E+00  3.649218396835E-02
 7.213471574801E+00  3.225821797595E-02
 7.196213245432E+00  2.763225305112E-02
 7.181945328945E+00  2.265664863259E-02
 7.170755791791E+00  1.737214468017E-02
 7.162713621188E+00  1.181544710565E-02
 7.157868399790E+00  6.017128459458E-03
 7.156250000000E+00  0.000000000000E+00
 7.157868399790E+00 -6.017128459458E-03
 7.162713621188E+00 -1.181544710565E-02
 7.170755791791E+00 -1.737214468017E-02
 7.181945328945E+00 -2.265664863259E-02
 7.196213245432E+00 -2.763225305112E-02
 7.213471574801E+00 -3.225821797595E-02
 7.233613913714E+00 -3.649218396835E-02
 7.256516077953E+00 -4.029272485085E-02
 7.282036868060E+00 -4.362185531014E-02
 7.310018939877E+00 -4.644731885754E-02
 7.340289774627E+00 -4.874450443025E-02
 7.372662742546E+00 -5.049787442327E-02
 7.406938253524E+00 -5.170182989401E-02
 7.442904987637E+00 -5.236098611602E-02
 7.480341198008E+00 -5.248987929611E-02
 7.519016077953E+00 -5.211216890976E-02
 7.558691183976E+00 -5.125943602678E-02
 7.599121905854E+00 -4.996970326640E-02
 7.640058974743E+00 -4.828581477878E-02
 7.681250000000E+00 -4.625381425050E-02
 7.722441025257E+00 -4.392144597620E-02
 7.763378094146E+00 -4.133688029207E-02
 7.803808816024E+00 -3.854773286333E-02
 7.843483922047E+00 -3.560041087307E-02
 7.882158801992E+00 -3.253978183139E-02
 7.919595012363E+00 -2.940912623124E-02
 7.955561746476E+00 -2.625030694820E-02
 7.989837257454E+00 -2.310406872571E-02
 8.022210225373E+00 -2.001037196284E-02
 8.052481060123E+00 -1.700866688515E-02
 8.080463131940E+00 -1.413802645855E-02
 8.105983922047E+00 -1.143707747692E-02
 8.128886086286E+00 -8.943696628848E-03
 8.149028425199E+00 -6.694468941196E-03
 8.166286754568E+00 -4.723936449469E-03
 8.180554671055E+00 -3.063691977019E-03
 8.191744208209E+00 -1.741393648174E-03
 8.199786378812E+00 -7.797880507398E-04
 8.204631600210E+00 -1.958325564627E-04
 8.206250000000E+00  1.457167719821E-17
*END
