*KEYWORD
*DEFINE_CURVE_TITLE
SYNTHETIC VTAIL local section geometry
$ LCID SIDR SFA SFO OFFA OFFO DATTYP
 1 0 1.0 1.0 0 0 0
$ ABSCISSA ORDINATE
 8.200000000000E+00 -1.665334536938E-17
 8.198150400240E+00  2.238086359573E-04
 8.192613004357E+00  8.911863437027E-04
 8.183421952239E+00  1.990164169342E-03
 8.170633909777E+00  3.501362259450E-03
 8.154327719507E+00  5.398784513679E-03
 8.134603914513E+00  7.650821647081E-03
 8.111584098612E+00  1.022136757583E-02
 8.085410196625E+00  1.307094568791E-02
 8.056243579360E+00  1.615774452406E-02
 8.024264068712E+00  1.943847644017E-02
 7.989668828998E+00  2.286899652896E-02
 7.952671151375E+00  2.640464997225E-02
 7.913499138830E+00  3.000035079794E-02
 7.872394299844E+00  3.361042997856E-02
 7.829610059419E+00  3.718832209302E-02
 7.785410196625E+00  4.068618385494E-02
 7.740067218314E+00  4.405455184380E-02
 7.693860679024E+00  4.724214890522E-02
 7.647075457437E+00  5.019593825851E-02
 7.600000000000E+00  5.286150200057E-02
 7.552924542563E+00  5.518378831860E-02
 7.506139320976E+00  5.710823230446E-02
 7.459932781686E+00  5.858221260204E-02
 7.414589803375E+00  5.955676446829E-02
 7.370389940581E+00  5.998843348127E-02
 7.327605700156E+00  5.984112698974E-02
 7.286500861170E+00  5.908780559315E-02
 7.247328848625E+00  5.771185648374E-02
 7.210331171002E+00  5.570800506314E-02
 7.175735931288E+00  5.308265012291E-02
 7.143756420640E+00  4.985354892588E-02
 7.114589803375E+00  4.604882840097E-02
 7.088415901388E+00  4.170535310669E-02
 7.065396085487E+00  3.686653482966E-02
 7.045672280493E+00  3.157971777271E-02
 7.029366090223E+00  2.589331272297E-02
 7.016578047761E+00  1.985387963448E-02
 7.007386995643E+00  1.350336812075E-02
 7.001849599760E+00  6.876718239381E-03
 7.000000000000E+00  0.000000000000E+00
 7.001849599760E+00 -6.876718239381E-03
 7.007386995643E+00 -1.350336812075E-02
 7.016578047761E+00 -1.985387963448E-02
 7.029366090223E+00 -2.589331272297E-02
 7.045672280493E+00 -3.157971777271E-02
 7.065396085487E+00 -3.686653482966E-02
 7.088415901388E+00 -4.170535310669E-02
 7.114589803375E+00 -4.604882840097E-02
 7.143756420640E+00 -4.985354892588E-02
 7.175735931288E+00 -5.308265012291E-02
 7.210331171002E+00 -5.570800506314E-02
 7.247328848625E+00 -5.771185648374E-02
 7.286500861170E+00 -5.908780559315E-02
 7.327605700156E+00 -5.984112698974E-02
 7.370389940581E+00 -5.998843348127E-02
 7.414589803375E+00 -5.955676446829E-02
 7.459932781686E+00 -5.858221260204E-02
 7.506139320976E+00 -5.710823230446E-02
 7.552924542563E+00 -5.518378831860E-02
 7.600000000000E+00 -5.286150200057E-02
 7.647075457437E+00 -5.019593825851E-02
 7.693860679024E+00 -4.724214890522E-02
 7.740067218314E+00 -4.405455184380E-02
 7.785410196625E+00 -4.068618385494E-02
 7.829610059419E+00 -3.718832209302E-02
 7.872394299844E+00 -3.361042997856E-02
 7.913499138830E+00 -3.000035079794E-02
 7.952671151375E+00 -2.640464997225E-02
 7.989668828998E+00 -2.286899652896E-02
 8.024264068712E+00 -1.943847644017E-02
 8.056243579360E+00 -1.615774452406E-02
 8.085410196625E+00 -1.307094568791E-02
 8.111584098612E+00 -1.022136757583E-02
 8.134603914513E+00 -7.650821647081E-03
 8.154327719507E+00 -5.398784513679E-03
 8.170633909777E+00 -3.501362259450E-03
 8.183421952239E+00 -1.990164169342E-03
 8.192613004357E+00 -8.911863437027E-04
 8.198150400240E+00 -2.238086359573E-04
 8.200000000000E+00  1.665334536938E-17
*END
