*KEYWORD
*DEFINE_CURVE_TITLE
DEFAULT_PLANE_ZX Cp curve
$     LCID      SIDR       SFA       SFO      OFFA      OFFO    DATTYP
       207         0  1.000000  1.000000  0.000000  0.000000         0
$ (Color) 0.662745 0.662745 0.662745
$           ABSCISSA            ORDINATE
    3.812500000000E+00    -3.673940397431E-18
    3.810573333583E+00    -3.195547890074E-03
    3.804805212872E+00    -1.270615399948E-02
    3.795231200249E+00    -2.830536031437E-02
    3.781910322684E+00    -4.962122448147E-02
    3.764924707820E+00    -7.614445474022E-02
    3.744379077618E+00    -1.072396091290E-01
    3.720400102721E+00    -1.421591761487E-01
    3.693135621484E+00    -1.800603089422E-01
    3.662753728500E+00    -2.200239411688E-01
    3.629441738242E+00    -2.610759671376E-01
    3.593405030206E+00    -3.022101180798E-01
    3.554865782683E+00    -3.424121080827E-01
    3.514061602947E+00    -3.806845564643E-01
    3.471244062337E+00    -4.160721205465E-01
    3.426677145228E+00    -4.476861997977E-01
    3.380635621484E+00    -4.747285085699E-01
    3.333403352410E+00    -4.965127720632E-01
    3.285271540650E+00    -5.124837911915E-01
    3.236536934830E+00    -5.222331573410E-01
    3.187500000000E+00    -5.255109838555E-01
    3.138463065170E+00    -5.222331573409E-01
    3.089728459350E+00    -5.124837911909E-01
    3.041596647590E+00    -4.965127720552E-01
    2.994364378516E+00    -4.747285084706E-01
    2.948322854772E+00    -4.476861986405E-01
    2.903755937663E+00    -4.160721080812E-01
    2.860938397053E+00    -3.806844341552E-01
    2.820134217317E+00    -3.424110301781E-01
    2.781594969794E+00    -3.022016994633E-01
    2.745558261758E+00    -2.610184315734E-01
    2.712246271500E+00    -2.196839081440E-01
    2.681864378516E+00    -1.783414595800E-01
    2.654599897279E+00    -1.348013777495E-01
    2.630620922382E+00    -8.080591686504E-02
    2.610075292180E+00     2.931303869426E-03
    2.593089677316E+00     1.460245639037E-01
    2.579768799751E+00     3.698143045458E-01
    2.570194787128E+00     6.506862206862E-01
    2.564426666417E+00     8.991519844980E-01
    2.562500000000E+00     1.000000000000E+00
    2.564426666417E+00     9.027405506537E-01
    2.570194787128E+00     6.649521229003E-01
    2.579768799751E+00     4.015834012712E-01
    2.593089677316E+00     2.016917268548E-01
    2.610075292180E+00     8.830295505700E-02
    2.630620922382E+00     3.934522148574E-02
    2.654599897279E+00     2.434786029079E-02
    2.681864378516E+00     2.306422803454E-02
    2.712246271500E+00     2.619608489983E-02
    2.745558261758E+00     3.045861775342E-02
    2.781594969794E+00     3.487240614646E-02
    2.820134217317E+00     3.913738086090E-02
    2.860938397053E+00     4.312042645808E-02
    2.903755937663E+00     4.673085222161E-02
    2.948322854772E+00     4.989624882554E-02
    2.994364378516E+00     5.255842723179E-02
    3.041596647590E+00     5.467222987289E-02
    3.089728459350E+00     5.620440524862E-02
    3.138463065170E+00     5.713237515702E-02
    3.187500000000E+00     5.744311479804E-02
    3.236536934830E+00     5.713237515698E-02
    3.285271540650E+00     5.620440524800E-02
    3.333403352410E+00     5.467222986489E-02
    3.380635621484E+00     5.255842713248E-02
    3.426677145228E+00     4.989624766829E-02
    3.471244062337E+00     4.673083975631E-02
    3.514061602947E+00     4.312030414899E-02
    3.554865782683E+00     3.913630295630E-02
    3.593405030206E+00     3.486398752998E-02
    3.629441738242E+00     3.040108218923E-02
    3.662753728500E+00     2.585605187504E-02
    3.693135621484E+00     2.134537867237E-02
    3.720400102721E+00     1.699006189157E-02
    3.744379077618E+00     1.291152922174E-02
    3.764924707820E+00     9.227196447348E-03
    3.781910322684E+00     6.045938469687E-03
    3.795231200249E+00     3.463736411072E-03
    3.804805212872E+00     1.559748214582E-03
    3.810573333583E+00     3.930182655713E-04
    3.812500000000E+00    -3.673940397431E-18
*END
