*KEYWORD
*DEFINE_CURVE_TITLE
DEFAULT_PLANE_ZX Cp curve
$     LCID      SIDR       SFA       SFO      OFFA      OFFO    DATTYP
       504         0  1.000000  1.000000  0.000000  0.000000         0
$ (Color) 0.662745 0.662745 0.662745
$           ABSCISSA            ORDINATE
    4.000000000000E+00    -3.673940397431E-18
    3.996917333733E+00    -1.713462952110E-03
    3.987688340595E+00    -6.814308097554E-03
    3.972369920398E+00    -1.518466037258E-02
    3.951056516295E+00    -2.663057580154E-02
    3.923879532511E+00    -4.088579351834E-02
    3.891006524188E+00    -5.761695074533E-02
    3.852640164354E+00    -7.643022526485E-02
    3.809016994375E+00    -9.687936059482E-02
    3.760405965600E+00    -1.184750164921E-01
    3.707106781187E+00    -1.406953678027E-01
    3.649448048330E+00    -1.629978440867E-01
    3.587785252292E+00    -1.848318577603E-01
    3.522498564716E+00    -2.056523086784E-01
    3.453990499740E+00    -2.249335802604E-01
    3.382683432365E+00    -2.421836623498E-01
    3.309016994375E+00    -2.569579585801E-01
    3.233445363856E+00    -2.688722733353E-01
    3.156434465040E+00    -2.776144384237E-01
    3.078459095728E+00    -2.829540436092E-01
    3.000000000000E+00    -2.847497851858E-01
    2.921540904272E+00    -2.829540436091E-01
    2.843565534960E+00    -2.776144384231E-01
    2.766554636144E+00    -2.688722733273E-01
    2.690983005625E+00    -2.569579584808E-01
    2.617316567635E+00    -2.421836611926E-01
    2.546009500260E+00    -2.249335677951E-01
    2.477501435284E+00    -2.056521863693E-01
    2.412214747708E+00    -1.848307798557E-01
    2.350551951670E+00    -1.629894254702E-01
    2.292893218813E+00    -1.406378322385E-01
    2.239594034400E+00    -1.181349834673E-01
    2.190983005625E+00    -9.516051123264E-02
    2.147359835646E+00    -6.907242686563E-02
    2.108993475812E+00    -3.118325848133E-02
    2.076120467489E+00     3.818996509131E-02
    2.048943483705E+00     1.690152125836E-01
    2.027630079602E+00     3.829350044876E-01
    2.012311659405E+00     6.565780665881E-01
    2.003082666267E+00     9.006340694360E-01
    2.000000000000E+00     1.000000000000E+00
    2.003082666267E+00     9.024790062529E-01
    2.012311659405E+00     6.639123853882E-01
    2.027630079602E+00     3.992679836344E-01
    2.048943483705E+00     1.976345535583E-01
    2.076120467489E+00     8.208083837078E-02
    2.108993475812E+00     3.058828177097E-02
    2.147359835646E+00     1.274863366422E-02
    2.190983005625E+00     8.385237149711E-03
    2.239594034400E+00     8.275686427466E-03
    2.292893218813E+00     9.214982576673E-03
    2.350551951670E+00     1.030553426534E-02
    2.412214747708E+00     1.132910139224E-02
    2.477501435284E+00     1.223238273116E-02
    2.546009500260E+00     1.300052158289E-02
    2.617316567635E+00     1.363109515826E-02
    2.690983005625E+00     1.412833017476E-02
    2.766554636144E+00     1.450037715619E-02
    2.843565534960E+00     1.475687240723E-02
    2.921540904272E+00     1.490664920435E-02
    3.000000000000E+00     1.495584444455E-02
    3.078459095728E+00     1.490664920431E-02
    3.156434465040E+00     1.475687240662E-02
    3.233445363856E+00     1.450037714819E-02
    3.309016994375E+00     1.412833007545E-02
    3.382683432365E+00     1.363109400101E-02
    3.453990499740E+00     1.300050911759E-02
    3.522498564716E+00     1.223226042207E-02
    3.587785252292E+00     1.132802348764E-02
    3.649448048330E+00     1.029711564885E-02
    3.707106781187E+00     9.157447012488E-03
    3.760405965600E+00     7.935653402675E-03
    3.809016994375E+00     6.666387787539E-03
    3.852640164354E+00     5.390835264995E-03
    3.891006524188E+00     4.154589506965E-03
    3.923879532511E+00     3.005079761133E-03
    3.951056516295E+00     1.988765173230E-03
    3.972369920398E+00     1.148318774284E-03
    3.987688340595E+00     5.200107024770E-04
    3.996917333733E+00     1.314738647541E-04
    4.000000000000E+00    -3.673940397431E-18
*END
