*KEYWORD
*DEFINE_CURVE_TITLE
DEFAULT_PLANE_ZX Cp curve
$     LCID      SIDR       SFA       SFO      OFFA      OFFO    DATTYP
       206         0  1.000000  1.000000  0.000000  0.000000         0
$ (Color) 0.662745 0.662745 0.662745
$           ABSCISSA            ORDINATE
    3.875000000000E+00    -3.673940397431E-18
    3.872688000300E+00    -3.686295885095E-03
    3.865766255446E+00    -1.465706213523E-02
    3.854277440298E+00    -3.264988674790E-02
    3.838292387221E+00    -5.723388854335E-02
    3.817909649383E+00    -8.781930336633E-02
    3.793254893141E+00    -1.236706647896E-01
    3.764480123266E+00    -1.639233477120E-01
    3.731762745781E+00    -2.076031862630E-01
    3.695304474200E+00    -2.536488231881E-01
    3.655330085890E+00    -3.009363936555E-01
    3.612086036248E+00    -3.483060890963E-01
    3.565838939219E+00    -3.945900837977E-01
    3.516873923537E+00    -4.386412379369E-01
    3.465492874805E+00    -4.793619179217E-01
    3.412012574274E+00    -5.157322042075E-01
    3.356762745781E+00    -5.468366975439E-01
    3.300084022892E+00    -5.718890986656E-01
    3.242325848780E+00    -5.902537360916E-01
    3.183844321796E+00    -6.014632623818E-01
    3.125000000000E+00    -6.052318368914E-01
    3.066155678204E+00    -6.014632623817E-01
    3.007674151220E+00    -5.902537360910E-01
    2.949915977108E+00    -5.718890986576E-01
    2.893237254219E+00    -5.468366974446E-01
    2.837987425726E+00    -5.157322030502E-01
    2.784507125195E+00    -4.793619054564E-01
    2.733126076463E+00    -4.386411156278E-01
    2.684161060781E+00    -3.945890058931E-01
    2.637913963752E+00    -3.482976704798E-01
    2.594669914110E+00    -3.008788580913E-01
    2.554695525800E+00    -2.533087901633E-01
    2.518237254219E+00    -2.058843369009E-01
    2.485519876734E+00    -1.565655493127E-01
    2.456745106859E+00    -9.723697252563E-02
    2.432090350617E+00    -8.743544756684E-03
    2.411707612779E+00     1.384118998418E-01
    2.395722559702E+00     3.654697781122E-01
    2.384233744554E+00     6.487353125505E-01
    2.377311999700E+00     8.986612365030E-01
    2.375000000000E+00     1.000000000000E+00
    2.377311999700E+00     9.028271532411E-01
    2.384233744554E+00     6.652964008066E-01
    2.395722559702E+00     4.023500824065E-01
    2.411707612779E+00     2.030351381598E-01
    2.432090350617E+00     9.036322246161E-02
    2.456745106859E+00     4.224481954349E-02
    2.485519876734E+00     2.818859644900E-02
    2.518237254219E+00     2.792473579704E-02
    2.554695525800E+00     3.212988760912E-02
    2.594669914110E+00     3.749281066834E-02
    2.637913963752E+00     4.300698926703E-02
    2.684161060781E+00     4.834525892825E-02
    2.733126076463E+00     5.334807612971E-02
    2.784507125195E+00     5.789963999371E-02
    2.837987425726E+00     6.190436725078E-02
    2.893237254219E+00     6.528340175661E-02
    2.949915977108E+00     6.797393456742E-02
    3.007674151220E+00     6.992851317216E-02
    3.066155678204E+00     7.111415839952E-02
    3.125000000000E+00     7.151150062789E-02
    3.183844321796E+00     7.111415839948E-02
    3.242325848780E+00     6.992851317155E-02
    3.300084022892E+00     6.797393455942E-02
    3.356762745781E+00     6.528340165730E-02
    3.412012574274E+00     6.190436609353E-02
    3.465492874805E+00     5.789962752841E-02
    3.516873923537E+00     5.334795382063E-02
    3.565838939219E+00     4.834418102365E-02
    3.612086036248E+00     4.299857065054E-02
    3.655330085890E+00     3.743527510416E-02
    3.695304474200E+00     3.178985458433E-02
    3.731762745781E+00     2.620588643487E-02
    3.764480123266E+00     2.083079804978E-02
    3.793254893141E+00     1.581112727949E-02
    3.817909649383E+00     1.128746385196E-02
    3.838292387221E+00     7.389349774726E-03
    3.854277440298E+00     4.230417546399E-03
    3.865766255446E+00     1.904026120890E-03
    3.872688000300E+00     4.796208529280E-04
    3.875000000000E+00    -3.673940397431E-18
*END
