*KEYWORD
*DEFINE_CURVE_TITLE
DEFAULT_PLANE_ZX Cp curve
$     LCID      SIDR       SFA       SFO      OFFA      OFFO    DATTYP
       304         0  1.000000  1.000000  0.000000  0.000000         0
$ (Color) 0.662745 0.662745 0.662745
$           ABSCISSA            ORDINATE
    4.000000000000E+00    -3.673940397431E-18
    3.996917333733E+00    -5.651019592324E-03
    3.987688340595E+00    -2.246757894593E-02
    3.972369920398E+00    -5.004332323103E-02
    3.951056516295E+00    -8.771140798165E-02
    3.923879532511E+00    -1.345598954966E-01
    3.891006524188E+00    -1.894528685250E-01
    3.852640164354E+00    -2.510568342922E-01
    3.809016994375E+00    -3.178718874836E-01
    3.760405965600E+00    -3.882670050786E-01
    3.707106781187E+00    -4.605187572200E-01
    3.649448048330E+00    -5.328526343349E-01
    3.587785252292E+00    -6.034861097062E-01
    3.522498564716E+00    -6.706724784857E-01
    3.453990499740E+00    -7.327444413154E-01
    3.382683432365E+00    -7.881563392062E-01
    3.309016994375E+00    -8.355239052346E-01
    3.233445363856E+00    -8.736603893114E-01
    3.156434465040E+00    -9.016079464099E-01
    3.078459095728E+00    -9.186632658036E-01
    3.000000000000E+00    -9.243965640204E-01
    2.921540904272E+00    -9.186632658035E-01
    2.843565534960E+00    -9.016079464093E-01
    2.766554636144E+00    -8.736603893034E-01
    2.690983005625E+00    -8.355239051353E-01
    2.617316567635E+00    -7.881563380489E-01
    2.546009500260E+00    -7.327444288501E-01
    2.477501435284E+00    -6.706723561766E-01
    2.412214747708E+00    -6.034850318016E-01
    2.350551951670E+00    -5.328442157184E-01
    2.292893218813E+00    -4.604612216558E-01
    2.239594034400E+00    -3.879269720538E-01
    2.190983005625E+00    -3.161530381214E-01
    2.147359835646E+00    -2.436990358930E-01
    2.108993475812E+00    -1.630191762609E-01
    2.076120467489E+00    -5.548413688695E-02
    2.048943483705E+00     1.079343804035E-01
    2.027630079602E+00     3.480763416291E-01
    2.012311659405E+00     6.409247957398E-01
    2.003082666267E+00     8.966965127958E-01
    2.000000000000E+00     1.000000000000E+00
    2.003082666267E+00     9.031738691894E-01
    2.012311659405E+00     6.666747273026E-01
    2.027630079602E+00     4.054195123741E-01
    2.048943483705E+00     2.084135239431E-01
    2.076120467489E+00     9.861156224930E-02
    2.108993475812E+00     5.385344373208E-02
    2.147359835646E+00     4.356509408081E-02
    2.190983005625E+00     4.738391836538E-02
    2.239594034400E+00     5.588603735449E-02
    2.292893218813E+00     6.565440423855E-02
    2.350551951670E+00     7.557402666207E-02
    2.412214747708E+00     8.520926350033E-02
    2.477501435284E+00     9.429476563832E-02
    2.546009500260E+00     1.026142029455E-01
    2.617316567635E+00     1.099792146035E-01
    2.690983005625E+00     1.162282031138E-01
    2.766554636144E+00     1.212276917402E-01
    2.843565534960E+00     1.248733738166E-01
    2.921540904272E+00     1.270906295916E-01
    3.000000000000E+00     1.278346877683E-01
    3.078459095728E+00     1.270906295916E-01
    3.156434465040E+00     1.248733738160E-01
    3.233445363856E+00     1.212276917322E-01
    3.309016994375E+00     1.162282030145E-01
    3.382683432365E+00     1.099792134463E-01
    3.453990499740E+00     1.026141904802E-01
    3.522498564716E+00     9.429464332924E-02
    3.587785252292E+00     8.520818559573E-02
    3.649448048330E+00     7.556560804558E-02
    3.707106781187E+00     6.559686867437E-02
    3.760405965600E+00     5.554600432970E-02
    3.809016994375E+00     4.566506900320E-02
    3.852640164354E+00     3.620729568159E-02
    3.891006524188E+00     2.741975146807E-02
    3.923879532511E+00     1.953580363965E-02
    3.951056516295E+00     1.276773555796E-02
    3.972369920398E+00     7.299847514010E-03
    3.987688340595E+00     3.282352616896E-03
    3.996917333733E+00     8.263368012625E-04
    4.000000000000E+00    -3.673940397431E-18
*END
