*KEYWORD
*DEFINE_CURVE_TITLE
DEFAULT_PLANE_ZX Cp curve
$     LCID      SIDR       SFA       SFO      OFFA      OFFO    DATTYP
       205         0  1.000000  1.000000  0.000000  0.000000         0
$ (Color) 0.662745 0.662745 0.662745
$           ABSCISSA            ORDINATE
    3.937500000000E+00    -3.673940397431E-18
    3.934802667016E+00    -3.980744682108E-03
    3.926727298021E+00    -1.582760701668E-02
    3.913323680348E+00    -3.525660260801E-02
    3.894674451758E+00    -6.180148698049E-02
    3.870894590947E+00    -9.482421254200E-02
    3.842130708665E+00    -1.335292981860E-01
    3.808560143810E+00    -1.769818506499E-01
    3.770389870078E+00    -2.241289126555E-01
    3.727855219900E+00    -2.738237523997E-01
    3.681218433538E+00    -3.248526495662E-01
    3.630767042289E+00    -3.759636717062E-01
    3.576812095756E+00    -4.258968692267E-01
    3.519686244126E+00    -4.734152468205E-01
    3.459741687272E+00    -5.173357963469E-01
    3.397348003319E+00    -5.565598068533E-01
    3.332889870078E+00    -5.901016109283E-01
    3.266764693374E+00    -6.171148946269E-01
    3.199380156910E+00    -6.369157030317E-01
    3.131151708762E+00    -6.490013254063E-01
    3.062500000000E+00    -6.530643487129E-01
    2.993848291238E+00    -6.490013254062E-01
    2.925619843090E+00    -6.369157030310E-01
    2.858235306626E+00    -6.171148946190E-01
    2.792110129922E+00    -5.901016108290E-01
    2.727651996681E+00    -5.565598056960E-01
    2.665258312728E+00    -5.173357838816E-01
    2.605313755874E+00    -4.734151245114E-01
    2.548187904244E+00    -4.258957913221E-01
    2.494232957711E+00    -3.759552530897E-01
    2.443781566462E+00    -3.247951140020E-01
    2.397144780100E+00    -2.734837193749E-01
    2.354610129922E+00    -2.224100632934E-01
    2.316439856190E+00    -1.696240522507E-01
    2.282869291335E+00    -1.070956059220E-01
    2.254105409053E+00    -1.574845393235E-02
    2.230325548242E+00     1.338443014046E-01
    2.211676319652E+00     3.628630622521E-01
    2.198272701979E+00     6.475647676690E-01
    2.190197332984E+00     8.983667877060E-01
    2.187500000000E+00     1.000000000000E+00
    2.190197332984E+00     9.028791147935E-01
    2.198272701979E+00     6.655029675504E-01
    2.211676319652E+00     4.028100910877E-01
    2.230325548242E+00     2.038411849429E-01
    2.254105409053E+00     9.159938290437E-02
    2.282869291335E+00     4.398457837815E-02
    2.316439856190E+00     3.049303814393E-02
    2.354610129922E+00     3.084104045454E-02
    2.397144780100E+00     3.569016923469E-02
    2.443781566462E+00     4.171332641730E-02
    2.494232957711E+00     4.788773913937E-02
    2.548187904244E+00     5.386998576866E-02
    2.605313755874E+00     5.948466593270E-02
    2.665258312728E+00     6.460091265697E-02
    2.727651996681E+00     6.910923830593E-02
    2.792110129922E+00     7.291838647150E-02
    2.858235306626E+00     7.595495738413E-02
    2.925619843090E+00     7.816297792629E-02
    2.993848291238E+00     7.950322834502E-02
    3.062500000000E+00     7.995253212581E-02
    3.131151708762E+00     7.950322834497E-02
    3.199380156910E+00     7.816297792567E-02
    3.266764693374E+00     7.595495737614E-02
    3.332889870078E+00     7.291838637219E-02
    3.397348003319E+00     6.910923714868E-02
    3.459741687272E+00     6.460090019167E-02
    3.519686244126E+00     5.948454362361E-02
    3.576812095756E+00     5.386890786406E-02
    3.630767042289E+00     4.787932052288E-02
    3.681218433538E+00     4.165579085312E-02
    3.727855219900E+00     3.535013620990E-02
    3.770389870078E+00     2.912219109237E-02
    3.808560143810E+00     2.313523974471E-02
    3.842130708665E+00     1.755088611414E-02
    3.870894590947E+00     1.252362429472E-02
    3.894674451758E+00     8.195396557750E-03
    3.913323680348E+00     4.690426227595E-03
    3.926727298021E+00     2.110592864675E-03
    3.934802667016E+00     5.315824053420E-04
    3.937500000000E+00    -3.673940397431E-18
*END
