*KEYWORD
*DEFINE_CURVE_TITLE
DEFAULT_PLANE_ZX Cp curve
$     LCID      SIDR       SFA       SFO      OFFA      OFFO    DATTYP
       402         0  1.000000  1.000000  0.000000  0.000000         0
$ (Color) 0.662745 0.662745 0.662745
$           ABSCISSA            ORDINATE
    3.875000000000E+00    -3.673940397431E-18
    3.872688000300E+00    -6.511758487336E-03
    3.865766255446E+00    -2.588934027775E-02
    3.854277440298E+00    -5.766332966952E-02
    3.838292387221E+00    -1.010635074690E-01
    3.817909649383E+00    -1.550367928203E-01
    3.793254893141E+00    -2.182718323041E-01
    3.764480123266E+00    -2.892297237838E-01
    3.731762745781E+00    -3.661802372499E-01
    3.695304474200E+00    -4.472427810121E-01
    3.655330085890E+00    -5.304312577779E-01
    3.612086036248E+00    -6.137018595172E-01
    3.565838939219E+00    -6.950027610558E-01
    3.516873923537E+00    -7.723245901100E-01
    3.465492874805E+00    -8.437504786523E-01
    3.412012574274E+00    -9.075044429984E-01
    3.356762745781E+00    -9.619968068632E-01
    3.300084022892E+00    -1.005865383989E+00
    3.242325848780E+00    -1.038011186194E+00
    3.183844321796E+00    -1.057627528024E+00
    3.125000000000E+00    -1.064221565136E+00
    3.066155678204E+00    -1.057627528024E+00
    3.007674151220E+00    -1.038011186193E+00
    2.949915977108E+00    -1.005865383981E+00
    2.893237254219E+00    -9.619968067639E-01
    2.837987425726E+00    -9.075044418411E-01
    2.784507125195E+00    -8.437504661869E-01
    2.733126076463E+00    -7.723244678009E-01
    2.684161060781E+00    -6.950016831512E-01
    2.637913963752E+00    -6.136934409007E-01
    2.594669914110E+00    -5.303737222138E-01
    2.554695525800E+00    -4.469027479873E-01
    2.518237254219E+00    -3.644613878877E-01
    2.485519876734E+00    -2.818719253846E-01
    2.456745106859E+00    -1.918381400400E-01
    2.432090350617E+00    -7.596103421067E-02
    2.411707612779E+00     9.458228091614E-02
    2.395722559702E+00     3.404563351906E-01
    2.384233744554E+00     6.375030344079E-01
    2.377311999700E+00     8.958357739008E-01
    2.375000000000E+00     1.000000000000E+00
    2.377311999700E+00     9.033257642885E-01
    2.384233744554E+00     6.672785675376E-01
    2.395722559702E+00     4.067642193927E-01
    2.411707612779E+00     2.107697767938E-01
    2.432090350617E+00     1.022251323652E-01
    2.456745106859E+00     5.893914322251E-02
    2.485519876734E+00     5.030148634403E-02
    2.518237254219E+00     5.590892126531E-02
    2.554695525800E+00     6.629352722511E-02
    2.594669914110E+00     7.799190433701E-02
    2.637913963752E+00     8.984153698837E-02
    2.684161060781E+00     1.013592607973E-01
    2.733126076463E+00     1.122333735720E-01
    2.784507125195E+00     1.222035036520E-01
    2.837987425726E+00     1.310406446845E-01
    2.893237254219E+00     1.385469504600E-01
    2.949915977108E+00     1.445579849186E-01
    3.007674151220E+00     1.489445337785E-01
    3.066155678204E+00     1.516137346894E-01
    3.125000000000E+00     1.525096879652E-01
    3.183844321796E+00     1.516137346894E-01
    3.242325848780E+00     1.489445337779E-01
    3.300084022892E+00     1.445579849106E-01
    3.356762745781E+00     1.385469503607E-01
    3.412012574274E+00     1.310406435272E-01
    3.465492874805E+00     1.222034911867E-01
    3.516873923537E+00     1.122332512629E-01
    3.565838939219E+00     1.013581828927E-01
    3.612086036248E+00     8.983311837188E-02
    3.655330085890E+00     7.793436877283E-02
    3.695304474200E+00     6.595349420032E-02
    3.731762745781E+00     5.419007190314E-02
    3.764480123266E+00     4.294368794481E-02
    3.793254893141E+00     3.250545095850E-02
    3.817909649383E+00     2.314937375560E-02
    3.838292387221E+00     1.512398840866E-02
    3.854277440298E+00     8.644554532568E-03
    3.865766255446E+00     3.886192851924E-03
    3.872688000300E+00     9.782319003823E-04
    3.875000000000E+00    -3.673940397431E-18
*END
