*KEYWORD
*DEFINE_CURVE_TITLE
DEFAULT_PLANE_ZX Cp curve
$     LCID      SIDR       SFA       SFO      OFFA      OFFO    DATTYP
       404         0  1.000000  1.000000  0.000000  0.000000         0
$ (Color) 0.662745 0.662745 0.662745
$           ABSCISSA            ORDINATE
    4.000000000000E+00    -3.673940397431E-18
    3.996917333733E+00    -7.214992740308E-03
    3.987688340595E+00    -2.868496132843E-02
    3.972369920398E+00    -6.388896855545E-02
    3.951056516295E+00    -1.119723368050E-01
    3.923879532511E+00    -1.717666695298E-01
    3.891006524188E+00    -2.418172798051E-01
    3.852640164354E+00    -3.204174435220E-01
    3.809016994375E+00    -4.056487525651E-01
    3.760405965600E+00    -4.954267145748E-01
    3.707106781187E+00    -5.875506297364E-01
    3.649448048330E+00    -6.797566698714E-01
    3.587785252292E+00    -7.697729896574E-01
    3.522498564716E+00    -8.553756142886E-01
    3.453990499740E+00    -9.344437750680E-01
    3.382683432365E+00    -1.005013310206E+00
    3.309016994375E+00    -1.065326721444E+00
    3.233445363856E+00    -1.113878489020E+00
    3.156434465040E+00    -1.149454309060E+00
    3.078459095728E+00    -1.171163037688E+00
    3.000000000000E+00    -1.178460309053E+00
    2.921540904272E+00    -1.171163037688E+00
    2.843565534960E+00    -1.149454309060E+00
    2.766554636144E+00    -1.113878489012E+00
    2.690983005625E+00    -1.065326721345E+00
    2.617316567635E+00    -1.005013309048E+00
    2.546009500260E+00    -9.344437626027E-01
    2.477501435284E+00    -8.553754919795E-01
    2.412214747708E+00    -7.697719117528E-01
    2.350551951670E+00    -6.797482512549E-01
    2.292893218813E+00    -5.874930941722E-01
    2.239594034400E+00    -4.950866815500E-01
    2.190983005625E+00    -4.039299032030E-01
    2.147359835646E+00    -3.130596451228E-01
    2.108993475812E+00    -2.153835875411E-01
    2.076120467489E+00    -9.269091092017E-02
    2.048943483705E+00     8.367345158011E-02
    2.027630079602E+00     3.342306963047E-01
    2.012311659405E+00     6.347074133573E-01
    2.003082666267E+00     8.951325396478E-01
    2.000000000000E+00     1.000000000000E+00
    2.003082666267E+00     9.034498644508E-01
    2.012311659405E+00     6.677719124289E-01
    2.027630079602E+00     4.078628615490E-01
    2.048943483705E+00     2.126948643237E-01
    2.076120467489E+00     1.051774635493E-01
    2.108993475812E+00     6.309422219328E-02
    2.147359835646E+00     5.580520159195E-02
    2.190983005625E+00     6.287395337977E-02
    2.239594034400E+00     7.479657432441E-02
    2.292893218813E+00     8.807179350615E-02
    2.350551951670E+00     1.014982682273E-01
    2.412214747708E+00     1.145540070211E-01
    2.477501435284E+00     1.268894366624E-01
    2.546009500260E+00     1.382082030195E-01
    2.617316567635E+00     1.482480918387E-01
    2.690983005625E+00     1.567816412684E-01
    2.766554636144E+00     1.636191211005E-01
    2.843565534960E+00     1.686109672254E-01
    2.921540904272E+00     1.716494128654E-01
    3.000000000000E+00     1.726694663035E-01
    3.078459095728E+00     1.716494128653E-01
    3.156434465040E+00     1.686109672248E-01
    3.233445363856E+00     1.636191210925E-01
    3.309016994375E+00     1.567816411691E-01
    3.382683432365E+00     1.482480906815E-01
    3.453990499740E+00     1.382081905542E-01
    3.522498564716E+00     1.268893143533E-01
    3.587785252292E+00     1.145529291165E-01
    3.649448048330E+00     1.014898496109E-01
    3.707106781187E+00     8.801425794196E-02
    3.760405965600E+00     7.445654129962E-02
    3.809016994375E+00     6.115510401759E-02
    3.852640164354E+00     4.844740319273E-02
    3.891006524188E+00     3.666052992928E-02
    3.923879532511E+00     2.610170493963E-02
    3.951056516295E+00     1.704907593855E-02
    3.972369920398E+00     9.743196688908E-03
    3.987688340595E+00     4.379537743220E-03
    3.996917333733E+00     1.102332062671E-03
    4.000000000000E+00    -3.673940397431E-18
*END
