*KEYWORD
*DEFINE_CURVE_TITLE
DEFAULT_PLANE_ZX Cp curve
$     LCID      SIDR       SFA       SFO      OFFA      OFFO    DATTYP
       105         0  1.000000  1.000000  0.000000  0.000000         0
$ (Color) 0.662745 0.662745 0.662745
$           ABSCISSA            ORDINATE
    3.937500000000E+00    -3.673940397431E-18
    3.934802667016E+00    -2.443367215241E-03
    3.926727298021E+00    -9.715952484708E-03
    3.913323680348E+00    -2.164640529520E-02
    3.894674451758E+00    -3.795312018060E-02
    3.870894590947E+00    -5.825014726011E-02
    3.842130708665E+00    -8.205535435797E-02
    3.808560143810E+00    -1.088007326713E-01
    3.770389870078E+00    -1.378447109974E-01
    3.727855219900E+00    -1.684863155339E-01
    3.681218433538E+00    -1.999809798497E-01
    3.630767042289E+00    -2.315577691389E-01
    3.576812095756E+00    -2.624377314518E-01
    3.519686244126E+00    -2.918530253660E-01
    3.459741687272E+00    -3.190664007418E-01
    3.397348003319E+00    -3.433905327021E-01
    3.332889870078E+00    -3.642066382950E-01
    3.266764693374E+00    -3.809817525066E-01
    3.199380156910E+00    -3.932840181305E-01
    3.131151708762E+00    -4.007953634400E-01
    3.062500000000E+00    -4.033210092798E-01
    2.993848291238E+00    -4.007953634400E-01
    2.925619843090E+00    -3.932840181299E-01
    2.858235306626E+00    -3.809817524986E-01
    2.792110129922E+00    -3.642066381957E-01
    2.727651996681E+00    -3.433905315448E-01
    2.665258312728E+00    -3.190663882765E-01
    2.605313755874E+00    -2.918529030569E-01
    2.548187904244E+00    -2.624366535472E-01
    2.494232957711E+00    -2.315493505224E-01
    2.443781566462E+00    -1.999234442855E-01
    2.397144780100E+00    -1.681462825092E-01
    2.354610129922E+00    -1.361258616352E-01
    2.316439856190E+00    -1.014429342720E-01
    2.282869291335E+00    -5.562166209397E-02
    2.254105409053E+00     2.082561134954E-02
    2.230325548242E+00     1.576926682045E-01
    2.211676319652E+00     3.764732595649E-01
    2.198272701979E+00     6.536764222010E-01
    2.190197332984E+00     8.999041651729E-01
    2.187500000000E+00     1.000000000000E+00
    2.190197332984E+00     9.026078128875E-01
    2.198272701979E+00     6.644244402800E-01
    2.211676319652E+00     4.004082915619E-01
    2.230325548242E+00     1.996326496252E-01
    2.254105409053E+00     8.514513608992E-02
    2.282869291335E+00     3.490094123202E-02
    2.316439856190E+00     1.846107614770E-02
    2.354610129922E+00     1.561441663252E-02
    2.397144780100E+00     1.710120978779E-02
    2.443781566462E+00     1.967714940850E-02
    2.494232957711E+00     2.240434456866E-02
    2.548187904244E+00     2.502425557308E-02
    2.605313755874E+00     2.744427391132E-02
    2.665258312728E+00     2.961219578549E-02
    2.727651996681E+00     3.149113110278E-02
    2.792110129922E+00     3.305456777152E-02
    2.858235306626E+00     3.428440289232E-02
    2.925619843090E+00     3.516915117903E-02
    2.993848291238E+00     3.570217623333E-02
    3.062500000000E+00     3.588017810820E-02
    3.131151708762E+00     3.570217623328E-02
    3.199380156910E+00     3.516915117841E-02
    3.266764693374E+00     3.428440288432E-02
    3.332889870078E+00     3.305456767221E-02
    3.397348003319E+00     3.149112994553E-02
    3.459741687272E+00     2.961218332018E-02
    3.519686244126E+00     2.744415160223E-02
    3.576812095756E+00     2.502317766848E-02
    3.630767042289E+00     2.239592595217E-02
    3.681218433538E+00     1.961961384431E-02
    3.727855219900E+00     1.676117676300E-02
    3.770389870078E+00     1.389556727034E-02
    3.808560143810E+00     1.110327774848E-02
    3.842130708665E+00     8.467248968019E-03
    3.870894590947E+00     6.069377480269E-03
    3.894674451758E+00     3.986861240123E-03
    3.913323680348E+00     2.288626701805E-03
    3.926727298021E+00     1.032065594328E-03
    3.934802667016E+00     2.602804994244E-04
    3.937500000000E+00    -3.673940397431E-18
*END
