*KEYWORD
*DEFINE_CURVE_TITLE
DEFAULT_PLANE_ZX Cp curve
$     LCID      SIDR       SFA       SFO      OFFA      OFFO    DATTYP
       302         0  1.000000  1.000000  0.000000  0.000000         0
$ (Color) 0.662745 0.662745 0.662745
$           ABSCISSA            ORDINATE
    3.875000000000E+00    -3.673940397431E-18
    3.872688000300E+00    -5.102386515399E-03
    3.865766255446E+00    -2.028655580539E-02
    3.854277440298E+00    -4.518634790114E-02
    3.838292387221E+00    -7.920080916057E-02
    3.817909649383E+00    -1.215079662185E-01
    3.793254893141E+00    -1.710837244517E-01
    3.764480123266E+00    -2.267255185607E-01
    3.731762745781E+00    -2.870802516843E-01
    3.695304474200E+00    -3.506759753226E-01
    3.655330085890E+00    -4.159566832636E-01
    3.612086036248E+00    -4.813195161780E-01
    3.565838939219E+00    -5.451535975927E-01
    3.516873923537E+00    -6.058796463044E-01
    3.465492874805E+00    -6.619894374759E-01
    3.412012574274E+00    -7.120841205715E-01
    3.356762745781E+00    -7.549103561429E-01
    3.300084022892E+00    -7.893932167285E-01
    3.242325848780E+00    -8.146648216377E-01
    3.183844321796E+00    -8.300877509677E-01
    3.125000000000E+00    -8.352724161076E-01
    3.066155678204E+00    -8.300877509676E-01
    3.007674151220E+00    -8.146648216370E-01
    2.949915977108E+00    -7.893932167205E-01
    2.893237254219E+00    -7.549103560436E-01
    2.837987425726E+00    -7.120841194142E-01
    2.784507125195E+00    -6.619894250106E-01
    2.733126076463E+00    -6.058795239953E-01
    2.684161060781E+00    -5.451525196881E-01
    2.637913963752E+00    -4.813110975615E-01
    2.594669914110E+00    -4.158991476994E-01
    2.554695525800E+00    -3.503359422978E-01
    2.518237254219E+00    -2.853614023221E-01
    2.485519876734E+00    -2.193677201615E-01
    2.456745106859E+00    -1.446500321877E-01
    2.432090350617E+00    -4.243220760886E-02
    2.411707612779E+00     1.164449792245E-01
    2.395722559702E+00     3.529333169590E-01
    2.384233744554E+00     6.431058188803E-01
    2.377311999700E+00     8.972451458727E-01
    2.375000000000E+00     1.000000000000E+00
    2.377311999700E+00     9.030770515876E-01
    2.384233744554E+00     6.662898408660E-01
    2.395722559702E+00     4.045623990806E-01
    2.411707612779E+00     2.069116535629E-01
    2.432090350617E+00     9.630828061199E-02
    2.456745106859E+00     5.061183007209E-02
    2.485519876734E+00     3.927133248113E-02
    2.518237254219E+00     4.195010028315E-02
    2.554695525800E+00     4.925232622109E-02
    2.594669914110E+00     5.779050883448E-02
    2.637913963752E+00     6.647994698733E-02
    2.684161060781E+00     7.491529077441E-02
    2.733126076463E+00     8.286073642986E-02
    2.784507125195E+00     9.012802579738E-02
    2.837987425726E+00     9.655470543267E-02
    2.893237254219E+00     1.020022826858E-01
    2.949915977108E+00     1.063570142256E-01
    3.007674151220E+00     1.095304694450E-01
    3.066155678204E+00     1.114596563853E-01
    3.125000000000E+00     1.121068969602E-01
    3.183844321796E+00     1.114596563852E-01
    3.242325848780E+00     1.095304694444E-01
    3.300084022892E+00     1.063570142176E-01
    3.356762745781E+00     1.020022825865E-01
    3.412012574274E+00     9.655470427542E-02
    3.465492874805E+00     9.012801333208E-02
    3.516873923537E+00     8.286061412077E-02
    3.565838939219E+00     7.491421286982E-02
    3.612086036248E+00     6.647152837084E-02
    3.655330085890E+00     5.773297327029E-02
    3.695304474200E+00     4.891229319629E-02
    3.731762745781E+00     4.023125092098E-02
    3.764480123266E+00     3.191353408191E-02
    3.793254893141E+00     2.417813780809E-02
    3.817909649383E+00     1.723252200234E-02
    3.838292387221E+00     1.126586517777E-02
    3.854277440298E+00     6.442734220501E-03
    3.865766255446E+00     2.897466180330E-03
    3.872688000300E+00     7.295191994522E-04
    3.875000000000E+00    -3.673940397431E-18
*END
