*KEYWORD
*DEFINE_CURVE_TITLE
DEFAULT_PLANE_ZX Cp curve
$     LCID      SIDR       SFA       SFO      OFFA      OFFO    DATTYP
       408         0  1.000000  1.000000  0.000000  0.000000         0
$ (Color) 0.662745 0.662745 0.662745
$           ABSCISSA            ORDINATE
    3.750000000000E+00    -3.673940397431E-18
    3.748458666867E+00    -4.402055728421E-03
    3.743844170298E+00    -1.750247712572E-02
    3.736184960199E+00    -3.898641301175E-02
    3.725528258148E+00    -6.833701946087E-02
    3.711939766256E+00    -1.048471626918E-01
    3.695503262094E+00    -1.476354898009E-01
    3.676320082177E+00    -1.956665645692E-01
    3.654508497187E+00    -2.477746913042E-01
    3.630202982800E+00    -3.026909803241E-01
    3.603553390593E+00    -3.590731419027E-01
    3.574724024165E+00    -4.155374284547E-01
    3.543892626146E+00    -4.706920752510E-01
    3.511249282358E+00    -5.231715175741E-01
    3.476995249870E+00    -5.716705894049E-01
    3.441341716183E+00    -6.149778413764E-01
    3.404508497187E+00    -6.520070631208E-01
    3.366722681928E+00    -6.818260688961E-01
    3.328217232520E+00    -7.036818175955E-01
    3.289229547864E+00    -7.170209990329E-01
    3.250000000000E+00    -7.215053333858E-01
    3.210770452136E+00    -7.170209990328E-01
    3.171782767480E+00    -7.036818175949E-01
    3.133277318072E+00    -6.818260688881E-01
    3.095491502813E+00    -6.520070630215E-01
    3.058658283817E+00    -6.149778402191E-01
    3.023004750130E+00    -5.716705769396E-01
    2.988750717642E+00    -5.231713952650E-01
    2.956107373854E+00    -4.706909973464E-01
    2.925275975835E+00    -4.155290098382E-01
    2.896446609407E+00    -3.590156063385E-01
    2.869797017200E+00    -3.023509472993E-01
    2.845491502813E+00    -2.460558419420E-01
    2.823679917823E+00    -1.883087661700E-01
    2.804496737906E+00    -1.212017975369E-01
    2.788060233744E+00    -2.577140408216E-02
    2.774471741852E+00     1.273087689242E-01
    2.763815039801E+00     3.591332518484E-01
    2.756155829702E+00     6.458898975600E-01
    2.751541333133E+00     8.979454766597E-01
    2.750000000000E+00     1.000000000000E+00
    2.751541333133E+00     9.029534638016E-01
    2.756155829702E+00     6.657985328637E-01
    2.763815039801E+00     4.034682929237E-01
    2.774471741852E+00     2.049945142041E-01
    2.788060233744E+00     9.336813881316E-02
    2.804496737906E+00     4.647390631019E-02
    2.823679917823E+00     3.379034060028E-02
    2.845491502813E+00     3.501382492195E-02
    2.869797017200E+00     4.078438592723E-02
    2.896446609407E+00     4.775223682962E-02
    2.925275975835E+00     5.487134327146E-02
    2.956107373854E+00     6.177502212589E-02
    2.988750717642E+00     6.826518430098E-02
    3.023004750130E+00     7.418940554956E-02
    3.058658283817E+00     7.941830322177E-02
    3.095491502813E+00     8.384287803488E-02
    3.133277318072E+00     8.737457637281E-02
    3.171782767480E+00     8.994523343756E-02
    3.210770452136E+00     9.150670016148E-02
    3.250000000000E+00     9.203035295044E-02
    3.289229547864E+00     9.150670016143E-02
    3.328217232520E+00     8.994523343695E-02
    3.366722681928E+00     8.737457636481E-02
    3.404508497187E+00     8.384287793557E-02
    3.441341716183E+00     7.941830206452E-02
    3.476995249870E+00     7.418939308426E-02
    3.511249282358E+00     6.826506199190E-02
    3.543892626146E+00     6.177394422129E-02
    3.574724024165E+00     5.486292465497E-02
    3.603553390593E+00     4.769470126543E-02
    3.630202982800E+00     4.044435290244E-02
    3.654508497187E+00     3.329497555977E-02
    3.676320082177E+00     2.643254220106E-02
    3.695503262094E+00     2.004021404618E-02
    3.711939766256E+00     1.429238020351E-02
    3.725528258148E+00     9.348725818994E-03
    3.736184960199E+00     5.348628063549E-03
    3.743844170298E+00     2.406158178035E-03
    3.748458666867E+00     6.059314135149E-04
    3.750000000000E+00    -3.673940397431E-18
*END
