*KEYWORD
*DEFINE_CURVE_TITLE
DEFAULT_PLANE_ZX Cp curve
$     LCID      SIDR       SFA       SFO      OFFA      OFFO    DATTYP
       204         0  1.000000  1.000000  0.000000  0.000000         0
$ (Color) 0.662745 0.662745 0.662745
$           ABSCISSA            ORDINATE
    4.000000000000E+00    -3.673940397431E-18
    3.996917333733E+00    -4.078894281112E-03
    3.987688340595E+00    -1.621778864383E-02
    3.972369920398E+00    -3.612550789471E-02
    3.951056516295E+00    -6.332401979286E-02
    3.923879532511E+00    -9.715918226722E-02
    3.891006524188E+00    -1.368155093181E-01
    3.852640164354E+00    -1.813346849625E-01
    3.809016994375E+00    -2.296374881197E-01
    3.760405965600E+00    -2.805487288036E-01
    3.707106781187E+00    -3.328247348698E-01
    3.649448048330E+00    -3.851828659095E-01
    3.587785252292E+00    -4.363324643697E-01
    3.522498564716E+00    -4.850065831150E-01
    3.453990499740E+00    -5.299937558219E-01
    3.382683432365E+00    -5.701690077352E-01
    3.309016994375E+00    -6.045232487231E-01
    3.233445363856E+00    -6.321901599474E-01
    3.156434465040E+00    -6.524696920117E-01
    3.078459095728E+00    -6.648473464144E-01
    3.000000000000E+00    -6.690085193201E-01
    2.921540904272E+00    -6.648473464144E-01
    2.843565534960E+00    -6.524696920111E-01
    2.766554636144E+00    -6.321901599394E-01
    2.690983005625E+00    -6.045232486237E-01
    2.617316567635E+00    -5.701690065780E-01
    2.546009500260E+00    -5.299937433566E-01
    2.477501435284E+00    -4.850064608059E-01
    2.412214747708E+00    -4.363313864651E-01
    2.350551951670E+00    -3.851744472930E-01
    2.292893218813E+00    -3.327671993056E-01
    2.239594034400E+00    -2.802086957788E-01
    2.190983005625E+00    -2.279186387575E-01
    2.147359835646E+00    -1.739768865633E-01
    2.108993475812E+00    -1.103818170541E-01
    2.076120467489E+00    -1.808342365757E-02
    2.048943483705E+00     1.323217685923E-01
    2.027630079602E+00     3.619941569654E-01
    2.012311659405E+00     6.471745860419E-01
    2.003082666267E+00     8.982686381070E-01
    2.000000000000E+00     1.000000000000E+00
    2.003082666267E+00     9.028964353109E-01
    2.012311659405E+00     6.655718231316E-01
    2.027630079602E+00     4.029634273148E-01
    2.048943483705E+00     2.041098672039E-01
    2.076120467489E+00     9.201143638529E-02
    2.108993475812E+00     4.456449798970E-02
    2.147359835646E+00     3.126118537557E-02
    2.190983005625E+00     3.181314200705E-02
    2.239594034400E+00     3.687692977655E-02
    2.292893218813E+00     4.312016500029E-02
    2.350551951670E+00     4.951465576348E-02
    2.412214747708E+00     5.571156138213E-02
    2.477501435284E+00     6.153019586703E-02
    2.546009500260E+00     6.683467021139E-02
    2.617316567635E+00     7.151086199098E-02
    2.690983005625E+00     7.546338137646E-02
    2.766554636144E+00     7.861529832304E-02
    2.843565534960E+00     8.090779951100E-02
    2.921540904272E+00     8.229958499352E-02
    3.000000000000E+00     8.276620929178E-02
    3.078459095728E+00     8.229958499347E-02
    3.156434465040E+00     8.090779951038E-02
    3.233445363856E+00     7.861529831504E-02
    3.309016994375E+00     7.546338127715E-02
    3.382683432365E+00     7.151086083373E-02
    3.453990499740E+00     6.683465774609E-02
    3.522498564716E+00     6.153007355794E-02
    3.587785252292E+00     5.571048347753E-02
    3.649448048330E+00     4.950623714699E-02
    3.707106781187E+00     4.306262943610E-02
    3.760405965600E+00     3.653689675176E-02
    3.809016994375E+00     3.009429264487E-02
    3.852640164354E+00     2.390338697635E-02
    3.891006524188E+00     1.813080572569E-02
    3.923879532511E+00     1.293567777564E-02
    3.951056516295E+00     8.464078818758E-03
    3.972369920398E+00     4.843762454661E-03
    3.987688340595E+00     2.179448445937E-03
    3.996917333733E+00     5.489029228134E-04
    4.000000000000E+00    -3.673940397431E-18
*END
