*KEYWORD
*DEFINE_CURVE_TITLE
DEFAULT_PLANE_ZX Cp curve
$     LCID      SIDR       SFA       SFO      OFFA      OFFO    DATTYP
       308         0  1.000000  1.000000  0.000000  0.000000         0
$ (Color) 0.662745 0.662745 0.662745
$           ABSCISSA            ORDINATE
    3.750000000000E+00    -3.673940397431E-18
    3.748458666867E+00    -3.456487284622E-03
    3.743844170298E+00    -1.374348638377E-02
    3.736184960199E+00    -3.061542191149E-02
    3.725528258148E+00    -5.366901269733E-02
    3.711939766256E+00    -8.235217838423E-02
    3.695503262094E+00    -1.159762922319E-01
    3.676320082177E+00    -1.537315713662E-01
    3.654508497187E+00    -1.947053442865E-01
    3.630202982800E+00    -2.379028860548E-01
    3.603553390593E+00    -2.822704613944E-01
    3.574724024165E+00    -3.267201617074E-01
    3.543892626146E+00    -3.701560612521E-01
    3.511249282358E+00    -4.115011497605E-01
    3.476995249870E+00    -4.497244259573E-01
    3.441341716183E+00    -4.838674646674E-01
    3.404508497187E+00    -5.130697088677E-01
    3.366722681928E+00    -5.365916989798E-01
    3.328217232520E+00    -5.538354473209E-01
    3.289229547864E+00    -5.643612064600E-01
    3.250000000000E+00    -5.678999723692E-01
    3.210770452136E+00    -5.643612064600E-01
    3.171782767480E+00    -5.538354473202E-01
    3.133277318072E+00    -5.365916989718E-01
    3.095491502813E+00    -5.130697087684E-01
    3.058658283817E+00    -4.838674635101E-01
    3.023004750130E+00    -4.497244134920E-01
    2.988750717642E+00    -4.115010274514E-01
    2.956107373854E+00    -3.701549833475E-01
    2.925275975835E+00    -3.267117430909E-01
    2.896446609407E+00    -2.822129258302E-01
    2.869797017200E+00    -2.375628530300E-01
    2.845491502813E+00    -1.929864949243E-01
    2.823679917823E+00    -1.463737729670E-01
    2.804496737906E+00    -8.954259996790E-02
    2.788060233744E+00    -3.276419774575E-03
    2.774471741852E+00     1.419767756878E-01
    2.763815039801E+00     3.675042429486E-01
    2.756155829702E+00     6.496488883019E-01
    2.751541333133E+00     8.988910451035E-01
    2.750000000000E+00     1.000000000000E+00
    2.751541333133E+00     9.027865987821E-01
    2.756155829702E+00     6.651351815563E-01
    2.763815039801E+00     4.019910592001E-01
    2.774471741852E+00     2.024060424223E-01
    2.788060233744E+00     8.939843570006E-02
    2.804496737906E+00     4.088698909213E-02
    2.823679917823E+00     2.639004768210E-02
    2.845491502813E+00     2.564864603647E-02
    2.869797017200E+00     2.935119282088E-02
    2.896446609407E+00     3.419882262227E-02
    2.925275975835E+00     3.919770796311E-02
    2.956107373854E+00     4.403337259667E-02
    2.988750717642E+00     4.855864880446E-02
    3.023004750130E+00     5.266949435292E-02
    3.058658283817E+00     5.628117792018E-02
    3.095491502813E+00     5.932452140199E-02
    3.133277318072E+00     6.174498168169E-02
    3.171782767480E+00     6.350175633026E-02
    3.210770452136E+00     6.456673676627E-02
    3.250000000000E+00     6.492352453574E-02
    3.289229547864E+00     6.456673676623E-02
    3.328217232520E+00     6.350175632965E-02
    3.366722681928E+00     6.174498167369E-02
    3.404508497187E+00     5.932452130268E-02
    3.441341716183E+00     5.628117676293E-02
    3.476995249870E+00     5.266948188762E-02
    3.511249282358E+00     4.855852649538E-02
    3.543892626146E+00     4.403229469207E-02
    3.574724024165E+00     3.918928934662E-02
    3.603553390593E+00     3.414128705808E-02
    3.630202982800E+00     2.901115979609E-02
    3.654508497187E+00     2.392979667430E-02
    3.676320082177E+00     1.903224928288E-02
    3.695503262094E+00     1.445329682812E-02
    3.711939766256E+00     1.032267709041E-02
    3.725528258148E+00     6.760254037194E-03
    3.736184960199E+00     3.871394339975E-03
    3.743844170298E+00     1.742806870633E-03
    3.748458666867E+00     4.390663940210E-04
    3.750000000000E+00    -3.673940397431E-18
*END
