*KEYWORD
*DEFINE_CURVE_TITLE
DEFAULT_PLANE_ZX Cp curve
$     LCID      SIDR       SFA       SFO      OFFA      OFFO    DATTYP
       502         0  1.000000  1.000000  0.000000  0.000000         0
$ (Color) 0.662745 0.662745 0.662745
$           ABSCISSA            ORDINATE
    3.875000000000E+00    -3.673940397431E-18
    3.872688000300E+00    -1.556351803692E-03
    3.865766255446E+00    -6.189732101776E-03
    3.854277440298E+00    -1.379377636647E-02
    3.838292387221E+00    -2.419340966858E-02
    3.817909649383E+00    -3.714813408036E-02
    3.793254893141E+00    -5.235660928545E-02
    3.764480123266E+00    -6.946250655104E-02
    3.731762745781E+00    -8.806161068951E-02
    3.695304474200E+00    -1.077101353656E-01
    3.655330085890E+00    -1.279342002580E-01
    3.612086036248E+00    -1.482403901239E-01
    3.565838939219E+00    -1.681272725763E-01
    3.516873923537E+00    -1.870976923029E-01
    3.465492874805E+00    -2.046715866310E-01
    3.412012574274E+00    -2.203989866985E-01
    3.356762745781E+00    -2.338727896237E-01
    3.300084022892E+00    -2.447408222520E-01
    3.242325848780E+00    -2.527166793301E-01
    3.183844321796E+00    -2.575888196682E-01
    3.125000000000E+00    -2.592274500964E-01
    3.066155678204E+00    -2.575888196682E-01
    3.007674151220E+00    -2.527166793295E-01
    2.949915977108E+00    -2.447408222440E-01
    2.893237254219E+00    -2.338727895244E-01
    2.837987425726E+00    -2.203989855412E-01
    2.784507125195E+00    -2.046715741657E-01
    2.733126076463E+00    -1.870975699938E-01
    2.684161060781E+00    -1.681261946717E-01
    2.637913963752E+00    -1.482319715074E-01
    2.594669914110E+00    -1.278766646938E-01
    2.554695525800E+00    -1.073701023408E-01
    2.518237254219E+00    -8.634276132734E-02
    2.485519876734E+00    -6.210470815182E-02
    2.456745106859E+00    -2.592291702144E-02
    2.432090350617E+00     4.192762452929E-02
    2.411707612779E+00     1.714523787165E-01
    2.395722559702E+00     3.843258884937E-01
    2.384233744554E+00     6.572026425839E-01
    2.377311999700E+00     9.007911805844E-01
    2.375000000000E+00     1.000000000000E+00
    2.377311999700E+00     9.024512807561E-01
    2.384233744554E+00     6.638021660948E-01
    2.395722559702E+00     3.990225335157E-01
    2.411707612779E+00     1.972044654172E-01
    2.432090350617E+00     8.142125141114E-02
    2.456745106859E+00     2.965998621922E-02
    2.485519876734E+00     1.151903624413E-02
    2.518237254219E+00     6.829163637010E-03
    2.554695525800E+00     6.376001522783E-03
    2.594669914110E+00     6.963011833495E-03
    2.637913963752E+00     7.701277683662E-03
    2.684161060781E+00     8.381233418581E-03
    2.733126076463E+00     8.958038664883E-03
    2.784507125195E+00     9.424875648280E-03
    2.837987425726E+00     9.786740631550E-03
    2.893237254219E+00     1.005447682952E-02
    2.949915977108E+00     1.024188578856E-02
    3.007674151220E+00     1.036315021425E-02
    3.066155678204E+00     1.043043321477E-02
    3.125000000000E+00     1.045190295819E-02
    3.183844321796E+00     1.043043321473E-02
    3.242325848780E+00     1.036315021363E-02
    3.300084022892E+00     1.024188578056E-02
    3.356762745781E+00     1.005447673021E-02
    3.412012574274E+00     9.786739474300E-03
    3.465492874805E+00     9.424863182975E-03
    3.516873923537E+00     8.957916355798E-03
    3.565838939219E+00     8.380155513985E-03
    3.612086036248E+00     7.692859067173E-03
    3.655330085890E+00     6.905476269309E-03
    3.695304474200E+00     6.035968497992E-03
    3.731762745781E+00     5.110314274838E-03
    3.764480123266E+00     4.161237844911E-03
    3.793254893141E+00     3.226293955221E-03
    3.817909649383E+00     2.345492801489E-03
    3.838292387221E+00     1.558677032118E-03
    3.854277440298E+00     9.028686555587E-04
    3.865766255446E+00     4.097914091045E-04
    3.872688000300E+00     1.037483679744E-04
    3.875000000000E+00    -3.673940397431E-18
*END
