*KEYWORD
*DEFINE_CURVE_TITLE
DEFAULT_PLANE_ZX Cp curve
$     LCID      SIDR       SFA       SFO      OFFA      OFFO    DATTYP
       301         0  1.000000  1.000000  0.000000  0.000000         0
$ (Color) 0.662745 0.662745 0.662745
$           ABSCISSA            ORDINATE
    3.812500000000E+00    -3.673940397431E-18
    3.810573333583E+00    -4.416595169242E-03
    3.804805212872E+00    -1.756027687972E-02
    3.795231200249E+00    -3.911512873879E-02
    3.781910322684E+00    -6.856256063422E-02
    3.764924707820E+00    -1.051930546209E-01
    3.744379077618E+00    -1.481222943601E-01
    3.720400102721E+00    -1.963113738963E-01
    3.693135621484E+00    -2.485907069352E-01
    3.662753728500E+00    -3.036871881277E-01
    3.629441738242E+00    -3.602540908181E-01
    3.593405030206E+00    -4.169031184819E-01
    3.554865782683E+00    -4.722379574508E-01
    3.514061602947E+00    -5.248886060777E-01
    3.471244062337E+00    -5.735456826765E-01
    3.426677145228E+00    -6.169938472781E-01
    3.380635621484E+00    -6.541434197782E-01
    3.333403352410E+00    -6.840592509999E-01
    3.285271540650E+00    -7.059859156723E-01
    3.236536934830E+00    -7.193683574228E-01
    3.187500000000E+00    -7.238672312166E-01
    3.138463065170E+00    -7.193683574228E-01
    3.089728459350E+00    -7.059859156717E-01
    3.041596647590E+00    -6.840592509919E-01
    2.994364378516E+00    -6.541434196789E-01
    2.948322854772E+00    -6.169938461208E-01
    2.903755937663E+00    -5.735456702112E-01
    2.860938397053E+00    -5.248884837687E-01
    2.820134217317E+00    -4.722368795462E-01
    2.781594969794E+00    -4.168946998654E-01
    2.745558261758E+00    -3.601965552539E-01
    2.712246271500E+00    -3.033471551029E-01
    2.681864378516E+00    -2.468718575730E-01
    2.654599897279E+00    -1.889535754971E-01
    2.630620922382E+00    -1.216886020961E-01
    2.610075292180E+00    -2.611729601124E-02
    2.593089677316E+00     1.270832277509E-01
    2.579768799751E+00     3.590045361213E-01
    2.570194787128E+00     6.458320978060E-01
    2.564426666417E+00     8.979309372189E-01
    2.562500000000E+00     1.000000000000E+00
    2.564426666417E+00     9.029560295853E-01
    2.570194787128E+00     6.658087328203E-01
    2.579768799751E+00     4.034910074637E-01
    2.593089677316E+00     2.050343155876E-01
    2.610075292180E+00     9.342917856535E-02
    2.630620922382E+00     4.655981299711E-02
    2.654599897279E+00     3.390413048153E-02
    2.681864378516E+00     3.515782768037E-02
    2.712246271500E+00     4.096018730433E-02
    2.745558261758E+00     4.796063957939E-02
    2.781594969794E+00     5.511234739391E-02
    2.820134217317E+00     6.204782486702E-02
    2.860938397053E+00     6.856819991928E-02
    2.903755937663E+00     7.452030436219E-02
    2.948322854772E+00     7.977406896913E-02
    2.994364378516E+00     8.421988215090E-02
    3.041596647590E+00     8.776866733230E-02
    3.089728459350E+00     9.035183898052E-02
    3.138463065170E+00     9.192093987735E-02
    3.187500000000E+00     9.244715844999E-02
    3.236536934830E+00     9.192093987731E-02
    3.285271540650E+00     9.035183897991E-02
    3.333403352410E+00     8.776866732430E-02
    3.380635621484E+00     8.421988205159E-02
    3.426677145228E+00     7.977406781188E-02
    3.471244062337E+00     7.452029189689E-02
    3.514061602947E+00     6.856807761019E-02
    3.554865782683E+00     6.204674696242E-02
    3.593405030206E+00     5.510392877742E-02
    3.629441738242E+00     4.790310401521E-02
    3.662753728500E+00     4.062015427954E-02
    3.693135621484E+00     3.343897831819E-02
    3.720400102721E+00     2.654633208231E-02
    3.744379077618E+00     2.012612073310E-02
    3.764924707820E+00     1.435341995570E-02
    3.781910322684E+00     9.388527202527E-03
    3.795231200249E+00     5.371342603615E-03
    3.804805212872E+00     2.416358134623E-03
    3.810573333583E+00     6.084971971892E-04
    3.812500000000E+00    -3.673940397431E-18
*END
