*KEYWORD
*DEFINE_CURVE_TITLE
DEFAULT_PLANE_ZX Cp curve
$     LCID      SIDR       SFA       SFO      OFFA      OFFO    DATTYP
       503         0  1.000000  1.000000  0.000000  0.000000         0
$ (Color) 0.662745 0.662745 0.662745
$           ABSCISSA            ORDINATE
    3.937500000000E+00    -3.673940397431E-18
    3.934802667016E+00    -1.674185165005E-03
    3.926727298021E+00    -6.658164098610E-03
    3.913323680348E+00    -1.483693937105E-02
    3.894674451758E+00    -2.602128426830E-02
    3.870894590947E+00    -3.995137865884E-02
    3.842130708665E+00    -5.630186538036E-02
    3.808560143810E+00    -7.468829558640E-02
    3.770389870078E+00    -9.467492311849E-02
    3.727855219900E+00    -1.157837962105E-01
    3.681218433538E+00    -1.375050759165E-01
    3.630767042289E+00    -1.593084805960E-01
    3.576812095756E+00    -1.806557114643E-01
    3.519686244126E+00    -2.010136545845E-01
    3.459741687272E+00    -2.198680818531E-01
    3.397348003319E+00    -2.367374934370E-01
    3.332889870078E+00    -2.511866663410E-01
    3.266764693374E+00    -2.628394105645E-01
    3.199380156910E+00    -2.713899986503E-01
    3.131151708762E+00    -2.766127376239E-01
    3.062500000000E+00    -2.783692014134E-01
    2.993848291238E+00    -2.766127376239E-01
    2.925619843090E+00    -2.713899986497E-01
    2.858235306626E+00    -2.628394105565E-01
    2.792110129922E+00    -2.511866662417E-01
    2.727651996681E+00    -2.367374922797E-01
    2.665258312728E+00    -2.198680693878E-01
    2.605313755874E+00    -2.010135322754E-01
    2.548187904244E+00    -1.806546335597E-01
    2.494232957711E+00    -1.593000619795E-01
    2.443781566462E+00    -1.374475403523E-01
    2.397144780100E+00    -1.154437631857E-01
    2.354610129922E+00    -9.295607375632E-02
    2.316439856190E+00    -6.733049718718E-02
    2.282869291335E+00    -2.986817311635E-02
    2.254105409053E+00     3.912437995081E-02
    2.230325548242E+00     1.696245041168E-01
    2.211676319652E+00     3.832827254891E-01
    2.198272701979E+00     6.567342105871E-01
    2.190197332984E+00     9.006733472231E-01
    2.187500000000E+00     1.000000000000E+00
    2.190197332984E+00     9.024720748787E-01
    2.198272701979E+00     6.638848305648E-01
    2.211676319652E+00     3.992066211047E-01
    2.230325548242E+00     1.975270315231E-01
    2.254105409053E+00     8.191594163087E-02
    2.282869291335E+00     3.035620788303E-02
    2.316439856190E+00     1.244123430920E-02
    2.354610129922E+00     7.996218771536E-03
    2.397144780100E+00     7.800765201295E-03
    2.443781566462E+00     8.651989890879E-03
    2.494232957711E+00     9.654470119918E-03
    2.548187904244E+00     1.059213439882E-02
    2.605313755874E+00     1.141379671459E-02
    2.665258312728E+00     1.210661009924E-02
    2.727651996681E+00     1.267000652659E-02
    2.792110129922E+00     1.310986683845E-02
    2.858235306626E+00     1.343575431428E-02
    2.925619843090E+00     1.365844185899E-02
    2.993848291238E+00     1.378759520696E-02
    3.062500000000E+00     1.382985907296E-02
    3.131151708762E+00     1.378759520691E-02
    3.199380156910E+00     1.365844185837E-02
    3.266764693374E+00     1.343575430628E-02
    3.332889870078E+00     1.310986673914E-02
    3.397348003319E+00     1.267000536934E-02
    3.459741687272E+00     1.210659763393E-02
    3.519686244126E+00     1.141367440550E-02
    3.576812095756E+00     1.059105649423E-02
    3.630767042289E+00     9.646051503429E-03
    3.681218433538E+00     8.594454326693E-03
    3.727855219900E+00     7.460732176504E-03
    3.770389870078E+00     6.277369409364E-03
    3.808560143810E+00     5.083435909974E-03
    3.842130708665E+00     3.922515619029E-03
    3.870894590947E+00     2.840183021222E-03
    3.894674451758E+00     1.881243137952E-03
    3.913323680348E+00     1.086956244603E-03
    3.926727298021E+00     4.924558791339E-04
    3.934802667016E+00     1.245424905592E-04
    3.937500000000E+00    -3.673940397431E-18
*END
