*KEYWORD
*DEFINE_CURVE_TITLE
DEFAULT_PLANE_ZX Cp curve
$     LCID      SIDR       SFA       SFO      OFFA      OFFO    DATTYP
       106         0  1.000000  1.000000  0.000000  0.000000         0
$ (Color) 0.662745 0.662745 0.662745
$           ABSCISSA            ORDINATE
    3.875000000000E+00    -3.673940397431E-18
    3.872688000300E+00    -2.266590249283E-03
    3.865766255446E+00    -9.013197456464E-03
    3.854277440298E+00    -2.008142243386E-02
    3.838292387221E+00    -3.521089062617E-02
    3.817909649383E+00    -5.404463987324E-02
    3.793254893141E+00    -7.613656875589E-02
    3.764480123266E+00    -1.009608550669E-01
    3.731762745781E+00    -1.279232312645E-01
    3.695304474200E+00    -1.563739794991E-01
    3.655330085890E+00    -1.856224794928E-01
    3.612086036248E+00    -2.149531044598E-01
    3.565838939219E+00    -2.436422104708E-01
    3.516873923537E+00    -2.709759022565E-01
    3.465492874805E+00    -2.962681856301E-01
    3.412012574274E+00    -3.188790393751E-01
    3.356762745781E+00    -3.382318671356E-01
    3.300084022892E+00    -3.538297346542E-01
    3.242325848780E+00    -3.652697724449E-01
    3.183844321796E+00    -3.722551396922E-01
    3.125000000000E+00    -3.746040085659E-01
    3.066155678204E+00    -3.722551396921E-01
    3.007674151220E+00    -3.652697724443E-01
    2.949915977108E+00    -3.538297346462E-01
    2.893237254219E+00    -3.382318670363E-01
    2.837987425726E+00    -3.188790382179E-01
    2.784507125195E+00    -2.962681731648E-01
    2.733126076463E+00    -2.709757799474E-01
    2.684161060781E+00    -2.436411325662E-01
    2.637913963752E+00    -2.149446858433E-01
    2.594669914110E+00    -1.855649439286E-01
    2.554695525800E+00    -1.560339464744E-01
    2.518237254219E+00    -1.262043819023E-01
    2.485519876734E+00    -9.360305666768E-02
    2.456745106859E+00    -4.970287649188E-02
    2.432090350617E+00     2.503111873641E-02
    2.411707612779E+00     1.604348977589E-01
    2.395722559702E+00     3.780382424263E-01
    2.384233744554E+00     6.543791772292E-01
    2.377311999700E+00     9.000809421388E-01
    2.375000000000E+00     1.000000000000E+00
    2.377311999700E+00     9.025766169524E-01
    2.384233744554E+00     6.643004246868E-01
    2.395722559702E+00     4.001321181158E-01
    2.411707612779E+00     1.991487267627E-01
    2.432090350617E+00     8.440298772753E-02
    2.456745106859E+00     3.385644965518E-02
    2.485519876734E+00     1.707756833517E-02
    2.518237254219E+00     1.386356726789E-02
    2.554695525800E+00     1.496373872283E-02
    2.594669914110E+00     1.714329640434E-02
    2.637913963752E+00     1.947410962530E-02
    2.684161060781E+00     2.170739892939E-02
    2.733126076463E+00     2.376007571553E-02
    2.784507125195E+00     2.558898135400E-02
    2.837987425726E+00     2.716557345684E-02
    2.893237254219E+00     2.847078462574E-02
    2.949915977108E+00     2.949287033011E-02
    3.007674151220E+00     3.022546076393E-02
    3.066155678204E+00     3.066566616018E-02
    3.125000000000E+00     3.081247209988E-02
    3.183844321796E+00     3.066566616013E-02
    3.242325848780E+00     3.022546076331E-02
    3.300084022892E+00     2.949287032212E-02
    3.356762745781E+00     2.847078452643E-02
    3.412012574274E+00     2.716557229959E-02
    3.465492874805E+00     2.558896888870E-02
    3.516873923537E+00     2.375995340645E-02
    3.565838939219E+00     2.170632102479E-02
    3.612086036248E+00     1.946569100881E-02
    3.655330085890E+00     1.708576084015E-02
    3.695304474200E+00     1.462370569804E-02
    3.731762745781E+00     1.214471790572E-02
    3.764480123266E+00     9.719769935945E-03
    3.793254893141E+00     7.422757391181E-03
    3.817909649383E+00     5.327229117880E-03
    3.838292387221E+00     3.502938377576E-03
    3.854277440298E+00     2.012453255686E-03
    3.865766255446E+00     9.080500011081E-04
    3.872688000300E+00     2.290845642552E-04
    3.875000000000E+00    -3.673940397431E-18
*END
