*KEYWORD
*DEFINE_CURVE_TITLE
DEFAULT_PLANE_ZX Cp curve
$     LCID      SIDR       SFA       SFO      OFFA      OFFO    DATTYP
       508         0  1.000000  1.000000  0.000000  0.000000         0
$ (Color) 0.662745 0.662745 0.662745
$           ABSCISSA            ORDINATE
    3.750000000000E+00    -3.673940397431E-18
    3.748458666867E+00    -1.085018358436E-03
    3.743844170298E+00    -4.316004114443E-03
    3.736184960199E+00    -9.621124348141E-03
    3.725528258148E+00    -1.688191126967E-02
    3.711939766256E+00    -2.593515576642E-02
    3.695503262094E+00    -3.657558490580E-02
    3.676320082177E+00    -4.855935040961E-02
    3.654508497187E+00    -6.160836097359E-02
    3.630202982800E+00    -7.541549198595E-02
    3.603553390593E+00    -8.965069762396E-02
    3.574724024165E+00    -1.039680282354E-01
    3.543892626146E+00    -1.180135170241E-01
    3.511249282358E+00    -1.314338431762E-01
    3.476995249870E+00    -1.438856057425E-01
    3.441341716183E+00    -1.550449597443E-01
    3.404508497187E+00    -1.646172827545E-01
    3.366722681928E+00    -1.723464690023E-01
    3.328217232520E+00    -1.780234020494E-01
    3.289229547864E+00    -1.814931478454E-01
    3.250000000000E+00    -1.826604448283E-01
    3.210770452136E+00    -1.814931478454E-01
    3.171782767480E+00    -1.780234020487E-01
    3.133277318072E+00    -1.723464689943E-01
    3.095491502813E+00    -1.646172826552E-01
    3.058658283817E+00    -1.550449585871E-01
    3.023004750130E+00    -1.438855932772E-01
    2.988750717642E+00    -1.314337208671E-01
    2.956107373854E+00    -1.180124391195E-01
    2.925275975835E+00    -1.039596096189E-01
    2.896446609407E+00    -8.959316205977E-02
    2.869797017200E+00    -7.507545896116E-02
    2.845491502813E+00    -5.988951161142E-02
    2.823679917823E+00    -4.120155201039E-02
    2.804496737906E+00    -1.014189264179E-02
    2.788060233744E+00     5.314060284323E-02
    2.774471741852E+00     1.787638771154E-01
    2.763815039801E+00     3.884985405120E-01
    2.756155829702E+00     6.590763705713E-01
    2.751541333133E+00     9.012625140297E-01
    2.750000000000E+00     1.000000000000E+00
    2.751541333133E+00     9.023681042658E-01
    2.756155829702E+00     6.634715082147E-01
    2.763815039801E+00     3.982861831595E-01
    2.774471741852E+00     1.959142009939E-01
    2.788060233744E+00     7.944249053221E-02
    2.804496737906E+00     2.687509956399E-02
    2.823679917823E+00     7.830243983881E-03
    2.845491502813E+00     2.160943098907E-03
    2.869797017200E+00     6.769468087334E-04
    2.896446609407E+00     2.070996039592E-04
    2.925275975835E+00    -1.114920613595E-04
    2.956107373854E+00    -4.623705023865E-04
    2.988750717642E+00    -8.649935339358E-04
    3.023004750130E+00    -1.302062155559E-03
    3.058658283817E+00    -1.746322948591E-03
    3.095491502813E+00    -2.167083206219E-03
    3.133277318072E+00    -2.533588314337E-03
    3.171782767480E+00    -2.818016364707E-03
    3.210770452136E+00    -2.998214753958E-03
    3.250000000000E+00    -3.059921500877E-03
    3.289229547864E+00    -2.998214754003E-03
    3.328217232520E+00    -2.818016365321E-03
    3.366722681928E+00    -2.533588322335E-03
    3.404508497187E+00    -2.167083305530E-03
    3.441341716183E+00    -1.746324105841E-03
    3.476995249870E+00    -1.302074620864E-03
    3.511249282358E+00    -8.651158430212E-04
    3.543892626146E+00    -4.634484069826E-04
    3.574724024165E+00    -1.199106778487E-04
    3.603553390593E+00     1.495640397735E-04
    3.630202982800E+00     3.369137839422E-04
    3.654508497187E+00     4.420937367341E-04
    3.676320082177E+00     4.724455846591E-04
    3.695503262094E+00     4.414072999887E-04
    3.711939766256E+00     3.667319225594E-04
    3.725528258148E+00     2.684126087827E-04
    3.736184960199E+00     1.665182993833E-04
    3.743844170298E+00     7.913352898682E-05
    3.748458666867E+00     2.057187763521E-05
    3.750000000000E+00    -3.673940397431E-18
*END
