*KEYWORD
*DEFINE_CURVE_TITLE
DEFAULT_PLANE_ZX Cp curve
$     LCID      SIDR       SFA       SFO      OFFA      OFFO    DATTYP
       104         0  1.000000  1.000000  0.000000  0.000000         0
$ (Color) 0.662745 0.662745 0.662745
$           ABSCISSA            ORDINATE
    4.000000000000E+00    -3.673940397431E-18
    3.996917333733E+00    -2.502292870561E-03
    3.987688340595E+00    -9.950204160790E-03
    3.972369920398E+00    -2.216806624898E-02
    3.951056516295E+00    -3.886719669874E-02
    3.923879532511E+00    -5.965198305573E-02
    3.891006524188E+00    -8.402828289200E-02
    3.852640164354E+00    -1.114140252061E-01
    3.809016994375E+00    -1.411518709083E-01
    3.760405965600E+00    -1.725237608789E-01
    3.707106781187E+00    -2.047671466353E-01
    3.649448048330E+00    -2.370926573652E-01
    3.587785252292E+00    -2.687029051121E-01
    3.522498564716E+00    -2.988120664025E-01
    3.453990499740E+00    -3.266658057790E-01
    3.382683432365E+00    -3.515610304777E-01
    3.309016994375E+00    -3.728648953482E-01
    3.233445363856E+00    -3.900324251241E-01
    3.156434465040E+00    -4.026221000257E-01
    3.078459095728E+00    -4.103087713560E-01
    3.000000000000E+00    -4.128933428510E-01
    2.921540904272E+00    -4.103087713559E-01
    2.843565534960E+00    -4.026221000251E-01
    2.766554636144E+00    -3.900324251161E-01
    2.690983005625E+00    -3.728648952489E-01
    2.617316567635E+00    -3.515610293205E-01
    2.546009500260E+00    -3.266657933137E-01
    2.477501435284E+00    -2.988119440934E-01
    2.412214747708E+00    -2.687018272075E-01
    2.350551951670E+00    -2.370842387487E-01
    2.292893218813E+00    -2.047096110711E-01
    2.239594034400E+00    -1.721837278541E-01
    2.190983005625E+00    -1.394330215462E-01
    2.147359835646E+00    -1.040562268068E-01
    2.108993475812E+00    -5.759459062799E-02
    2.076120467489E+00     1.942377555392E-02
    2.048943483705E+00     1.567785916864E-01
    2.027630079602E+00     3.759515986112E-01
    2.012311659405E+00     6.534421705249E-01
    2.003082666267E+00     8.998452395176E-01
    2.000000000000E+00     1.000000000000E+00
    2.003082666267E+00     9.026182115326E-01
    2.012311659405E+00     6.644657788111E-01
    2.027630079602E+00     4.005003493773E-01
    2.048943483705E+00     1.997939572461E-01
    2.076120467489E+00     8.539251887738E-02
    2.108993475812E+00     3.524910509097E-02
    2.147359835646E+00     1.892224541855E-02
    2.190983005625E+00     1.619803308739E-02
    2.239594034400E+00     1.781370014278E-02
    2.292893218813E+00     2.052176707655E-02
    2.350551951670E+00     2.338108954978E-02
    2.412214747708E+00     2.612987445431E-02
    2.477501435284E+00     2.867233997658E-02
    2.546009500260E+00     3.095326726265E-02
    2.617316567635E+00     3.293298365142E-02
    2.690983005625E+00     3.458249548678E-02
    2.766554636144E+00     3.588158041305E-02
    2.843565534960E+00     3.681704798406E-02
    2.921540904272E+00     3.738101292438E-02
    3.000000000000E+00     3.756941344431E-02
    3.078459095728E+00     3.738101292433E-02
    3.156434465040E+00     3.681704798345E-02
    3.233445363856E+00     3.588158040505E-02
    3.309016994375E+00     3.458249538746E-02
    3.382683432365E+00     3.293298249417E-02
    3.453990499740E+00     3.095325479734E-02
    3.522498564716E+00     2.867221766750E-02
    3.587785252292E+00     2.612879654972E-02
    3.649448048330E+00     2.337267093329E-02
    3.707106781187E+00     2.046423151237E-02
    3.760405965600E+00     1.747366711799E-02
    3.809016994375E+00     1.447918372522E-02
    3.852640164354E+00     1.156444701933E-02
    3.891006524188E+00     8.815412826965E-03
    3.923879532511E+00     6.316760267732E-03
    3.951056516295E+00     4.148168860972E-03
    3.972369920398E+00     2.380684517179E-03
    3.987688340595E+00     1.073404125401E-03
    3.996917333733E+00     2.706791444808E-04
    4.000000000000E+00    -3.673940397431E-18
*END
