*KEYWORD
*DEFINE_CURVE_TITLE
DEFAULT_PLANE_ZX Cp curve
$     LCID      SIDR       SFA       SFO      OFFA      OFFO    DATTYP
       407         0  1.000000  1.000000  0.000000  0.000000         0
$ (Color) 0.662745 0.662745 0.662745
$           ABSCISSA            ORDINATE
    3.812500000000E+00    -3.673940397431E-18
    3.810573333583E+00    -5.632715671122E-03
    3.804805212872E+00    -2.239481396441E-02
    3.795231200249E+00    -4.988128106211E-02
    3.781910322684E+00    -8.742747079893E-02
    3.764924707820E+00    -1.341244469334E-01
    3.744379077618E+00    -1.888400229277E-01
    3.720400102721E+00    -2.502450741111E-01
    3.693135621484E+00    -3.168445931058E-01
    3.662753728500E+00    -3.870128640588E-01
    3.629441738242E+00    -4.590320428299E-01
    3.593405030206E+00    -5.311333465745E-01
    3.554865782683E+00    -6.015399753038E-01
    3.514061602947E+00    -6.685108098867E-01
    3.471244062337E+00    -7.303838581325E-01
    3.426677145228E+00    -7.856183589892E-01
    3.380635621484E+00    -8.328344136372E-01
    3.333403352410E+00    -8.708490027002E-01
    3.285271540650E+00    -8.987072826113E-01
    3.236536934830E+00    -9.157081409446E-01
    3.187500000000E+00    -9.214231352403E-01
    3.138463065170E+00    -9.157081409446E-01
    3.089728459350E+00    -8.987072826107E-01
    3.041596647590E+00    -8.708490026922E-01
    2.994364378516E+00    -8.328344135379E-01
    2.948322854772E+00    -7.856183578320E-01
    2.903755937663E+00    -7.303838456672E-01
    2.860938397053E+00    -6.685106875776E-01
    2.820134217317E+00    -6.015388973992E-01
    2.781594969794E+00    -5.311249279580E-01
    2.745558261758E+00    -4.589745072657E-01
    2.712246271500E+00    -3.866728310340E-01
    2.681864378516E+00    -3.151257437437E-01
    2.654599897279E+00    -2.428872757118E-01
    2.630620922382E+00    -1.624063306637E-01
    2.610075292180E+00    -5.504868832379E-02
    2.593089677316E+00     1.082183175862E-01
    2.579768799751E+00     3.482383837980E-01
    2.570194787128E+00     6.409975607213E-01
    2.564426666417E+00     8.967148167170E-01
    2.562500000000E+00     1.000000000000E+00
    2.564426666417E+00     9.031706390856E-01
    2.570194787128E+00     6.666618864235E-01
    2.579768799751E+00     4.053909166973E-01
    2.593089677316E+00     2.083634173814E-01
    2.610075292180E+00     9.853471838521E-02
    2.630620922382E+00     5.374529450904E-02
    2.654599897279E+00     4.342184228414E-02
    2.681864378516E+00     4.720263112224E-02
    2.712246271500E+00     5.566471835100E-02
    2.745558261758E+00     6.539204287560E-02
    2.781594969794E+00     7.527062293966E-02
    2.820134217317E+00     8.486582801756E-02
    2.860938397053E+00     9.391329470909E-02
    2.903755937663E+00     1.021976294427E-01
    2.948322854772E+00     1.095313357417E-01
    2.994364378516E+00     1.157535869495E-01
    3.041596647590E+00     1.207315646912E-01
    3.089728459350E+00     1.243614919698E-01
    3.138463065170E+00     1.265691369694E-01
    3.187500000000E+00     1.273099650424E-01
    3.236536934830E+00     1.265691369694E-01
    3.285271540650E+00     1.243614919691E-01
    3.333403352410E+00     1.207315646832E-01
    3.380635621484E+00     1.157535868502E-01
    3.426677145228E+00     1.095313345844E-01
    3.471244062337E+00     1.021976169774E-01
    3.514061602947E+00     9.391317240000E-02
    3.554865782683E+00     8.486475011296E-02
    3.593405030206E+00     7.526220432317E-02
    3.629441738242E+00     6.533450731141E-02
    3.662753728500E+00     5.532468532621E-02
    3.693135621484E+00     4.548378176007E-02
    3.720400102721E+00     3.606404388491E-02
    3.744379077618E+00     2.731160224504E-02
    3.764924707820E+00     1.945895977556E-02
    3.781910322684E+00     1.271762899630E-02
    3.795231200249E+00     7.271251837143E-03
    3.804805212872E+00     3.269511737804E-03
    3.810573333583E+00     8.231066975209E-04
    3.812500000000E+00    -3.673940397431E-18
*END
