*KEYWORD
*DEFINE_CURVE_TITLE
DEFAULT_PLANE_ZX Cp curve
$     LCID      SIDR       SFA       SFO      OFFA      OFFO    DATTYP
       507         0  1.000000  1.000000  0.000000  0.000000         0
$ (Color) 0.662745 0.662745 0.662745
$           ABSCISSA            ORDINATE
    3.812500000000E+00    -3.673940397431E-18
    3.810573333583E+00    -1.359962868168E-03
    3.804805212872E+00    -5.409012107054E-03
    3.795231200249E+00    -1.205517135883E-02
    3.781910322684E+00    -2.114695200237E-02
    3.764924707820E+00    -3.247605978288E-02
    3.744379077618E+00    -4.578118246059E-02
    3.720400102721E+00    -6.075285815878E-02
    3.693135621484E+00    -7.703942330788E-02
    3.662753728500E+00    -9.425403395739E-02
    3.629441738242E+00    -1.119827408271E-01
    3.593405030206E+00    -1.297935726704E-01
    3.554865782683E+00    -1.472465410962E-01
    3.514061602947E+00    -1.639044218334E-01
    3.471244062337E+00    -1.793440945941E-01
    3.426677145228E+00    -1.931681421342E-01
    3.380635621484E+00    -2.050163284282E-01
    3.333403352410E+00    -2.145765083980E-01
    3.285271540650E+00    -2.215944804631E-01
    3.236536934830E+00    -2.258822897420E-01
    3.187500000000E+00    -2.273245312347E-01
    3.138463065170E+00    -2.258822897420E-01
    3.089728459350E+00    -2.215944804625E-01
    3.041596647590E+00    -2.145765083900E-01
    2.994364378516E+00    -2.050163283289E-01
    2.948322854772E+00    -1.931681409770E-01
    2.903755937663E+00    -1.793440821288E-01
    2.860938397053E+00    -1.639042995243E-01
    2.820134217317E+00    -1.472454631916E-01
    2.781594969794E+00    -1.297851540539E-01
    2.745558261758E+00    -1.119252052630E-01
    2.712246271500E+00    -9.391400093260E-02
    2.681864378516E+00    -7.532057394570E-02
    2.654599897279E+00    -5.339505975956E-02
    2.630620922382E+00    -1.934749019659E-02
    2.610075292180E+00     4.659969882677E-02
    2.593089677316E+00     1.744988363828E-01
    2.579768799751E+00     3.860644935013E-01
    2.570194787128E+00     6.579833625786E-01
    2.564426666417E+00     9.009875695200E-01
    2.562500000000E+00     1.000000000000E+00
    2.564426666417E+00     9.024166238851E-01
    2.570194787128E+00     6.636643919781E-01
    2.579768799751E+00     3.987157208673E-01
    2.593089677316E+00     1.966668552408E-01
    2.610075292180E+00     8.059676771159E-02
    2.630620922382E+00     2.849961677954E-02
    2.654599897279E+00     9.982039469029E-03
    2.681864378516E+00     4.884071746134E-03
    2.712246271500E+00     4.001395391929E-03
    2.745558261758E+00     4.148048404522E-03
    2.781594969794E+00     4.445956956570E-03
    2.820134217317E+00     4.696398451511E-03
    2.860938397053E+00     4.865108582042E-03
    2.903755937663E+00     4.955318230014E-03
    2.948322854772E+00     4.981297473158E-03
    2.994364378516E+00     4.962160147960E-03
    3.041596647590E+00     4.918771579019E-03
    3.089728459350E+00     4.870997473016E-03
    3.138463065170E+00     4.835163227802E-03
    3.187500000000E+00     4.821976100248E-03
    3.236536934830E+00     4.835163227757E-03
    3.285271540650E+00     4.870997472402E-03
    3.333403352410E+00     4.918771571021E-03
    3.380635621484E+00     4.962160048649E-03
    3.426677145228E+00     4.981296315908E-03
    3.471244062337E+00     4.955305764709E-03
    3.514061602947E+00     4.864986272957E-03
    3.554865782683E+00     4.695320546915E-03
    3.593405030206E+00     4.437538340081E-03
    3.629441738242E+00     4.090512840336E-03
    3.662753728500E+00     3.661362367138E-03
    3.693135621484E+00     3.165222383961E-03
    3.720400102721E+00     2.624241069806E-03
    3.744379077618E+00     2.065924515541E-03
    3.764924707820E+00     1.521009101935E-03
    3.781910322684E+00     1.021066855729E-03
    3.795231200249E+00     5.960560071523E-04
    3.804805212872E+00     2.720172923888E-04
    3.810573333583E+00     6.909149699973E-05
    3.812500000000E+00    -3.673940397431E-18
*END
