*KEYWORD
*DEFINE_CURVE_TITLE
DEFAULT_PLANE_ZX Cp curve
$     LCID      SIDR       SFA       SFO      OFFA      OFFO    DATTYP
       305         0  1.000000  1.000000  0.000000  0.000000         0
$ (Color) 0.662745 0.662745 0.662745
$           ABSCISSA            ORDINATE
    3.937500000000E+00    -3.673940397431E-18
    3.934802667016E+00    -5.513861323093E-03
    3.926727298021E+00    -2.192232316079E-02
    3.913323680348E+00    -4.882907939856E-02
    3.894674451758E+00    -8.558375827638E-02
    3.870894590947E+00    -1.312969131771E-01
    3.842130708665E+00    -1.848605825066E-01
    3.808560143810E+00    -2.449740053593E-01
    3.770389870078E+00    -3.101739785338E-01
    3.727855219900E+00    -3.788692476396E-01
    3.681218433538E+00    -4.493782387309E-01
    3.630767042289E+00    -5.199693547956E-01
    3.576812095756E+00    -5.889029816778E-01
    3.519686244126E+00    -6.544742704403E-01
    3.459741687272E+00    -7.150556903556E-01
    3.397348003319E+00    -7.691382845475E-01
    3.332889870078E+00    -8.153705179617E-01
    3.266764693374E+00    -8.525935961657E-01
    3.199380156910E+00    -8.798721652169E-01
    3.131151708762E+00    -8.965193870946E-01
    3.062500000000E+00    -9.021155270422E-01
    2.993848291238E+00    -8.965193870945E-01
    2.925619843090E+00    -8.798721652162E-01
    2.858235306626E+00    -8.525935961577E-01
    2.792110129922E+00    -8.153705178624E-01
    2.727651996681E+00    -7.691382833903E-01
    2.665258312728E+00    -7.150556778902E-01
    2.605313755874E+00    -6.544741481313E-01
    2.548187904244E+00    -5.889019037732E-01
    2.494232957711E+00    -5.199609361792E-01
    2.443781566462E+00    -4.493207031667E-01
    2.397144780100E+00    -3.785292146148E-01
    2.354610129922E+00    -3.084551291716E-01
    2.316439856190E+00    -2.376162069601E-01
    2.282869291335E+00    -1.584268902426E-01
    2.254105409053E+00    -5.222115456743E-02
    2.230325548242E+00     1.100620301087E-01
    2.211676319652E+00     3.492905854616E-01
    2.198272701979E+00     6.414700515249E-01
    2.190197332984E+00     8.968336710650E-01
    2.187500000000E+00     1.000000000000E+00
    2.190197332984E+00     9.031496647889E-01
    2.198272701979E+00     6.665785056934E-01
    2.211676319652E+00     4.052052340508E-01
    2.230325548242E+00     2.080380563480E-01
    2.254105409053E+00     9.803574183997E-02
    2.282869291335E+00     5.304304031708E-02
    2.316439856190E+00     4.249165368089E-02
    2.354610129922E+00     4.602546384482E-02
    2.397144780100E+00     5.422760957114E-02
    2.443781566462E+00     6.368843038753E-02
    2.494232957711E+00     7.330050674339E-02
    2.548187904244E+00     8.263577031885E-02
    2.605313755874E+00     9.143625833621E-02
    2.665258312728E+00     9.949265865850E-02
    2.727651996681E+00     1.066230873108E-01
    2.792110129922E+00     1.126717230068E-01
    2.858235306626E+00     1.175100223616E-01
    2.925619843090E+00     1.210376477237E-01
    2.993848291238E+00     1.231828862900E-01
    3.062500000000E+00     1.239027400663E-01
    3.131151708762E+00     1.231828862900E-01
    3.199380156910E+00     1.210376477231E-01
    3.266764693374E+00     1.175100223536E-01
    3.332889870078E+00     1.126717229075E-01
    3.397348003319E+00     1.066230861535E-01
    3.459741687272E+00     9.949264619320E-02
    3.519686244126E+00     9.143613602712E-02
    3.576812095756E+00     8.263469241425E-02
    3.630767042289E+00     7.329208812690E-02
    3.681218433538E+00     6.363089482335E-02
    3.727855219900E+00     5.388757654635E-02
    3.770389870078E+00     4.430661448265E-02
    3.808560143810E+00     3.513385528167E-02
    3.842130708665E+00     2.660934805308E-02
    3.870894590947E+00     1.895998323032E-02
    3.894674451758E+00     1.239226796291E-02
    3.913323680348E+00     7.085569190633E-03
    3.926727298021E+00     3.186131007755E-03
    3.934802667016E+00     8.021324008100E-04
    3.937500000000E+00    -3.673940397431E-18
*END
