*KEYWORD
*DEFINE_CURVE_TITLE
DEFAULT_PLANE_ZX Cp curve
$     LCID      SIDR       SFA       SFO      OFFA      OFFO    DATTYP
       100         0  1.000000  1.000000  0.000000  0.000000         0
$ (Color) 0.662745 0.662745 0.662745
$           ABSCISSA            ORDINATE
    3.750000000000E+00    -3.673940397431E-18
    3.748458666867E+00    -1.559482385447E-03
    3.743844170298E+00    -6.202177343485E-03
    3.736184960199E+00    -1.382149098849E-02
    3.725528258148E+00    -2.424197240844E-02
    3.711939766256E+00    -3.722261032575E-02
    3.695503262094E+00    -5.246142634755E-02
    3.676320082177E+00    -6.960134464943E-02
    3.654508497187E+00    -8.823731233293E-02
    3.630202982800E+00    -1.079246353599E-01
    3.603553390593E+00    -1.281884780651E-01
    3.574724024165E+00    -1.485344457437E-01
    3.543892626146E+00    -1.684601265471E-01
    3.511249282358E+00    -1.874674098187E-01
    3.476995249870E+00    -2.050753251831E-01
    3.441341716183E+00    -2.208330660673E-01
    3.404508497187E+00    -2.343327824981E-01
    3.366722681928E+00    -2.452216632442E-01
    3.328217232520E+00    -2.532127897026E-01
    3.289229547864E+00    -2.580942447007E-01
    3.250000000000E+00    -2.597360057106E-01
    3.210770452136E+00    -2.580942447006E-01
    3.171782767480E+00    -2.532127897020E-01
    3.133277318072E+00    -2.452216632362E-01
    3.095491502813E+00    -2.343327823987E-01
    3.058658283817E+00    -2.208330649100E-01
    3.023004750130E+00    -2.050753127178E-01
    2.988750717642E+00    -1.874672875096E-01
    2.956107373854E+00    -1.684590486425E-01
    2.925275975835E+00    -1.485260271272E-01
    2.896446609407E+00    -1.281309425009E-01
    2.869797017200E+00    -1.075846023352E-01
    2.845491502813E+00    -8.651846297075E-02
    2.823679917823E+00    -6.224354625021E-02
    2.804496737906E+00    -2.602773408355E-02
    2.788060233744E+00     4.185314828390E-02
    2.774471741852E+00     1.714038159767E-01
    2.763815039801E+00     3.842981738716E-01
    2.756155829702E+00     6.571901973422E-01
    2.751541333133E+00     9.007880500027E-01
    2.750000000000E+00     1.000000000000E+00
    2.751541333133E+00     9.024518332117E-01
    2.756155829702E+00     6.638043623139E-01
    2.763815039801E+00     3.990274243313E-01
    2.774471741852E+00     1.972130353125E-01
    2.788060233744E+00     8.143439427797E-02
    2.804496737906E+00     2.967848334783E-02
    2.823679917823E+00     1.154353708503E-02
    2.845491502813E+00     6.860169809378E-03
    2.869797017200E+00     6.413854462968E-03
    2.896446609407E+00     7.007884387690E-03
    2.925275975835E+00     7.753169851868E-03
    2.956107373854E+00     8.439972354604E-03
    2.988750717642E+00     9.023282932382E-03
    3.023004750130E+00     9.496123628064E-03
    3.058658283817E+00     9.863342873107E-03
    3.095491502813E+00     1.013565204264E-02
    3.133277318072E+00     1.032674008130E-02
    3.171782767480E+00     1.045069910351E-02
    3.210770452136E+00     1.051962586756E-02
    3.250000000000E+00     1.054164806659E-02
    3.289229547864E+00     1.051962586752E-02
    3.328217232520E+00     1.045069910290E-02
    3.366722681928E+00     1.032674007330E-02
    3.404508497187E+00     1.013565194333E-02
    3.441341716183E+00     9.863341715856E-03
    3.476995249870E+00     9.496111162759E-03
    3.511249282358E+00     9.023160623297E-03
    3.543892626146E+00     8.438894450008E-03
    3.574724024165E+00     7.744751235379E-03
    3.603553390593E+00     6.950348823505E-03
    3.630202982800E+00     6.073821438177E-03
    3.654508497187E+00     5.141320447206E-03
    3.676320082177E+00     4.185738685803E-03
    3.695503262094E+00     3.244791083828E-03
    3.711939766256E+00     2.358635668324E-03
    3.725528258148E+00     1.567246927389E-03
    3.736184960199E+00     9.077594712090E-04
    3.743844170298E+00     4.119876282295E-04
    3.748458666867E+00     1.043008235783E-04
    3.750000000000E+00    -3.673940397431E-18
*END
