*KEYWORD
*DEFINE_CURVE_TITLE
DEFAULT_PLANE_ZX Cp curve
$     LCID      SIDR       SFA       SFO      OFFA      OFFO    DATTYP
       208         0  1.000000  1.000000  0.000000  0.000000         0
$ (Color) 0.662745 0.662745 0.662745
$           ABSCISSA            ORDINATE
    3.750000000000E+00    -3.673940397431E-18
    3.748458666867E+00    -2.508500697045E-03
    3.743844170298E+00    -9.974882609434E-03
    3.736184960199E+00    -2.222302330744E-02
    3.725528258148E+00    -3.896349479482E-02
    3.711939766256E+00    -5.979966666367E-02
    3.695503262094E+00    -8.423613120420E-02
    3.676320082177E+00    -1.116893359602E-01
    3.654508497187E+00    -1.415002806930E-01
    3.630202982800E+00    -1.729491063418E-01
    3.603553390593E+00    -2.052713700125E-01
    3.574724024165E+00    -2.376757586566E-01
    3.543892626146E+00    -2.693629420817E-01
    3.511249282358E+00    -2.995452024026E-01
    3.476995249870E+00    -3.274664042212E-01
    3.441341716183E+00    -3.524217936241E-01
    3.404508497187E+00    -3.737770440064E-01
    3.366722681928E+00    -3.909859148200E-01
    3.328217232520E+00    -4.036058683314E-01
    3.289229547864E+00    -4.113110102838E-01
    3.250000000000E+00    -4.139017896054E-01
    3.210770452136E+00    -4.113110102838E-01
    3.171782767480E+00    -4.036058683308E-01
    3.133277318072E+00    -3.909859148120E-01
    3.095491502813E+00    -3.737770439071E-01
    3.058658283817E+00    -3.524217924669E-01
    3.023004750130E+00    -3.274663917559E-01
    2.988750717642E+00    -2.995450800935E-01
    2.956107373854E+00    -2.693618641772E-01
    2.925275975835E+00    -2.376673400401E-01
    2.896446609407E+00    -2.052138344483E-01
    2.869797017200E+00    -1.726090733170E-01
    2.845491502813E+00    -1.397814313308E-01
    2.823679917823E+00    -1.043315375610E-01
    2.804496737906E+00    -5.780243894020E-02
    2.788060233744E+00     1.927609194598E-02
    2.774471741852E+00     1.566822935903E-01
    2.763815039801E+00     3.758966415527E-01
    2.756155829702E+00     6.534174920763E-01
    2.751541333133E+00     8.998390316911E-01
    2.750000000000E+00     1.000000000000E+00
    2.751541333133E+00     9.026193070314E-01
    2.756155829702E+00     6.644701338314E-01
    2.763815039801E+00     4.005100476817E-01
    2.774471741852E+00     1.998109510277E-01
    2.788060233744E+00     8.541858069055E-02
    2.804496737906E+00     3.528578420489E-02
    2.823679917823E+00     1.897082966929E-02
    2.845491502813E+00     1.625951716704E-02
    2.869797017200E+00     1.788876110682E-02
    2.896446609407E+00     2.061074767252E-02
    2.925275975835E+00     2.348398977768E-02
    2.956107373854E+00     2.624635156661E-02
    2.988750717642E+00     2.880171691778E-02
    3.023004750130E+00     3.109454934067E-02
    3.058658283817E+00     3.308488303019E-02
    3.095491502813E+00     3.474346289705E-02
    3.133277318072E+00     3.604984330056E-02
    3.171782767480E+00     3.699065415565E-02
    3.210770452136E+00     3.755787861753E-02
    3.250000000000E+00     3.774737463625E-02
    3.289229547864E+00     3.755787861748E-02
    3.328217232520E+00     3.699065415504E-02
    3.366722681928E+00     3.604984329256E-02
    3.404508497187E+00     3.474346279774E-02
    3.441341716183E+00     3.308488187294E-02
    3.476995249870E+00     3.109453687536E-02
    3.511249282358E+00     2.880159460870E-02
    3.543892626146E+00     2.624527366201E-02
    3.574724024165E+00     2.347557116119E-02
    3.603553390593E+00     2.055321210833E-02
    3.630202982800E+00     1.754872808203E-02
    3.654508497187E+00     1.454066780486E-02
    3.676320082177E+00     1.161303127006E-02
    3.695503262094E+00     8.852091940884E-03
    3.711939766256E+00     6.342822080897E-03
    3.725528258148E+00     4.165162642632E-03
    3.736184960199E+00     2.390382821613E-03
    3.743844170298E+00     1.077759145750E-03
    3.748458666867E+00     2.717746432720E-04
    3.750000000000E+00    -3.673940397431E-18
*END
