*KEYWORD
*DEFINE_CURVE_TITLE
DEFAULT_PLANE_ZX Cp curve
$     LCID      SIDR       SFA       SFO      OFFA      OFFO    DATTYP
       405         0  1.000000  1.000000  0.000000  0.000000         0
$ (Color) 0.662745 0.662745 0.662745
$           ABSCISSA            ORDINATE
    3.937500000000E+00    -3.673940397431E-18
    3.934802667016E+00    -7.039184177065E-03
    3.926727298021E+00    -2.798605606576E-02
    3.913323680348E+00    -6.233255883397E-02
    3.894674451758E+00    -1.092451294710E-01
    3.870894590947E+00    -1.675842003524E-01
    3.842130708665E+00    -2.359309179298E-01
    3.808560143810E+00    -3.126205135875E-01
    3.770389870078E+00    -3.957816237363E-01
    3.727855219900E+00    -4.833807311841E-01
    3.681218433538E+00    -5.732707867468E-01
    3.630767042289E+00    -6.632429672828E-01
    3.576812095756E+00    -7.510804325070E-01
    3.519686244126E+00    -8.346128582440E-01
    3.459741687272E+00    -9.117704509641E-01
    3.397348003319E+00    -9.806360934039E-01
    3.332889870078E+00    -1.039494242799E+00
    3.266764693374E+00    -1.086875212762E+00
    3.199380156910E+00    -1.121593528344E+00
    3.131151708762E+00    -1.142779160272E+00
    3.062500000000E+00    -1.149900623074E+00
    2.993848291238E+00    -1.142779160272E+00
    2.925619843090E+00    -1.121593528343E+00
    2.858235306626E+00    -1.086875212754E+00
    2.792110129922E+00    -1.039494242699E+00
    2.727651996681E+00    -9.806360922466E-01
    2.665258312728E+00    -9.117704384988E-01
    2.605313755874E+00    -8.346127359349E-01
    2.548187904244E+00    -7.510793546024E-01
    2.494232957711E+00    -6.632345486664E-01
    2.443781566462E+00    -5.732132511826E-01
    2.397144780100E+00    -4.830406981593E-01
    2.354610129922E+00    -3.940627743741E-01
    2.316439856190E+00    -3.052627151882E-01
    2.282869291335E+00    -2.094972256658E-01
    2.254105409053E+00    -8.850844174280E-02
    2.230325548242E+00     8.640065891412E-02
    2.211676319652E+00     3.357871060262E-01
    2.198272701979E+00     6.354063186199E-01
    2.190197332984E+00     8.953083482111E-01
    2.187500000000E+00     1.000000000000E+00
    2.190197332984E+00     9.034188394102E-01
    2.198272701979E+00     6.676485762061E-01
    2.211676319652E+00     4.075882010100E-01
    2.230325548242E+00     2.122135924412E-01
    2.254105409053E+00     1.044393807533E-01
    2.282869291335E+00     6.205545245059E-02
    2.316439856190E+00     5.442927277997E-02
    2.354610129922E+00     6.113269535115E-02
    2.397144780100E+00     7.267081254959E-02
    2.443781566462E+00     8.555182121386E-02
    2.494232957711E+00     9.858408541760E-02
    2.548187904244E+00     1.112553204652E-01
    2.605313755874E+00     1.232254208898E-01
    2.665258312728E+00     1.342070281777E-01
    2.727651996681E+00     1.439462300502E-01
    2.792110129922E+00     1.522229685663E-01
    2.858235306626E+00     1.588538370550E-01
    2.925619843090E+00     1.636943588637E-01
    2.993848291238E+00     1.666404933214E-01
    3.062500000000E+00     1.676295217189E-01
    3.131151708762E+00     1.666404933213E-01
    3.199380156910E+00     1.636943588631E-01
    3.266764693374E+00     1.588538370470E-01
    3.332889870078E+00     1.522229684670E-01
    3.397348003319E+00     1.439462288929E-01
    3.459741687272E+00     1.342070157124E-01
    3.519686244126E+00     1.232252985807E-01
    3.576812095756E+00     1.112542425606E-01
    3.630767042289E+00     9.857566680111E-02
    3.681218433538E+00     8.549428564968E-02
    3.727855219900E+00     7.233077952479E-02
    3.770389870078E+00     5.941384598898E-02
    3.808560143810E+00     4.707147438075E-02
    3.842130708665E+00     3.562176018658E-02
    3.870894590947E+00     2.536362214362E-02
    3.894674451758E+00     1.656780405608E-02
    3.913323680348E+00     9.468536149823E-03
    3.926727298021E+00     4.256201520396E-03
    3.934802667016E+00     1.071307022099E-03
    3.937500000000E+00    -3.673940397431E-18
*END
