*KEYWORD
*DEFINE_CURVE_TITLE
DEFAULT_PLANE_ZX section curve
$     LCID      SIDR       SFA       SFO      OFFA      OFFO    DATTYP
        26         0  1.000000  1.000000  0.000000  0.000000         0
$ (Color) 0.662745 0.662745 0.662745
$           ABSCISSA            ORDINATE
    4.000000000000E+00    -3.330669073875E-17
    3.996917333733E+00     4.476172719146E-04
    3.987688340595E+00     1.782372687405E-03
    3.972369920398E+00     3.980328338684E-03
    3.951056516295E+00     7.002724518901E-03
    3.923879532511E+00     1.079756902736E-02
    3.891006524188E+00     1.530164329416E-02
    3.852640164354E+00     2.044273515165E-02
    3.809016994375E+00     2.614189137582E-02
    3.760405965600E+00     3.231548904812E-02
    3.707106781187E+00     3.887695288034E-02
    3.649448048330E+00     4.573799305792E-02
    3.587785252292E+00     5.280929994449E-02
    3.522498564716E+00     6.000070159589E-02
    3.453990499740E+00     6.722085995712E-02
    3.382683432365E+00     7.437664418603E-02
    3.309016994375E+00     8.137236770988E-02
    3.233445363856E+00     8.810910368761E-02
    3.156434465040E+00     9.448429781045E-02
    3.078459095728E+00     1.003918765170E-01
    3.000000000000E+00     1.057230040011E-01
    2.921540904272E+00     1.103675766372E-01
    2.843565534960E+00     1.142164646089E-01
    2.766554636144E+00     1.171644252041E-01
    2.690983005625E+00     1.191135289366E-01
    2.617316567635E+00     1.199768669625E-01
    2.546009500260E+00     1.196822539795E-01
    2.477501435284E+00     1.181756111863E-01
    2.412214747708E+00     1.154237129675E-01
    2.350551951670E+00     1.114160101263E-01
    2.292893218813E+00     1.061653002458E-01
    2.239594034400E+00     9.970709785176E-02
    2.190983005625E+00     9.209765680194E-02
    2.147359835646E+00     8.341070621338E-02
    2.108993475812E+00     7.373306965932E-02
    2.076120467489E+00     6.315943554542E-02
    2.048943483705E+00     5.178662544593E-02
    2.027630079602E+00     3.970775926896E-02
    2.012311659405E+00     2.700673624149E-02
    2.003082666267E+00     1.375343647876E-02
    2.000000000000E+00     0.000000000000E+00
    2.003082666267E+00    -1.375343647876E-02
    2.012311659405E+00    -2.700673624149E-02
    2.027630079602E+00    -3.970775926896E-02
    2.048943483705E+00    -5.178662544593E-02
    2.076120467489E+00    -6.315943554542E-02
    2.108993475812E+00    -7.373306965932E-02
    2.147359835646E+00    -8.341070621338E-02
    2.190983005625E+00    -9.209765680194E-02
    2.239594034400E+00    -9.970709785176E-02
    2.292893218813E+00    -1.061653002458E-01
    2.350551951670E+00    -1.114160101263E-01
    2.412214747708E+00    -1.154237129675E-01
    2.477501435284E+00    -1.181756111863E-01
    2.546009500260E+00    -1.196822539795E-01
    2.617316567635E+00    -1.199768669625E-01
    2.690983005625E+00    -1.191135289366E-01
    2.766554636144E+00    -1.171644252041E-01
    2.843565534960E+00    -1.142164646089E-01
    2.921540904272E+00    -1.103675766372E-01
    3.000000000000E+00    -1.057230040011E-01
    3.078459095728E+00    -1.003918765170E-01
    3.156434465040E+00    -9.448429781045E-02
    3.233445363856E+00    -8.810910368761E-02
    3.309016994375E+00    -8.137236770988E-02
    3.382683432365E+00    -7.437664418603E-02
    3.453990499740E+00    -6.722085995712E-02
    3.522498564716E+00    -6.000070159589E-02
    3.587785252292E+00    -5.280929994449E-02
    3.649448048330E+00    -4.573799305792E-02
    3.707106781187E+00    -3.887695288034E-02
    3.760405965600E+00    -3.231548904812E-02
    3.809016994375E+00    -2.614189137582E-02
    3.852640164354E+00    -2.044273515165E-02
    3.891006524188E+00    -1.530164329416E-02
    3.923879532511E+00    -1.079756902736E-02
    3.951056516295E+00    -7.002724518901E-03
    3.972369920398E+00    -3.980328338684E-03
    3.987688340595E+00    -1.782372687405E-03
    3.996917333733E+00    -4.476172719146E-04
    4.000000000000E+00     3.330669073875E-17
*END
