*KEYWORD
*DEFINE_CURVE_TITLE
DEFAULT_PLANE_ZX section curve
$     LCID      SIDR       SFA       SFO      OFFA      OFFO    DATTYP
        27         0  1.000000  1.000000  0.000000  0.000000         0
$ (Color) 0.662745 0.662745 0.662745
$           ABSCISSA            ORDINATE
    3.937500000000E+00     2.500000000000E-02
    3.934802667016E+00     2.539166511293E-02
    3.926727298021E+00     2.655957610148E-02
    3.913323680348E+00     2.848278729635E-02
    3.894674451758E+00     3.112738395404E-02
    3.870894590947E+00     3.444787289894E-02
    3.842130708665E+00     3.838893788239E-02
    3.808560143810E+00     4.288739325770E-02
    3.770389870078E+00     4.787415495384E-02
    3.727855219900E+00     5.327605291710E-02
    3.681218433538E+00     5.901733377030E-02
    3.630767042289E+00     6.502074392568E-02
    3.576812095756E+00     7.120813745143E-02
    3.519686244126E+00     7.750061389640E-02
    3.459741687272E+00     8.381825246248E-02
    3.397348003319E+00     9.007956366278E-02
    3.332889870078E+00     9.620082174614E-02
    3.266764693374E+00     1.020954657267E-01
    3.199380156910E+00     1.076737605841E-01
    3.131151708762E+00     1.128428919524E-01
    3.062500000000E+00     1.175076285010E-01
    2.993848291238E+00     1.215716295576E-01
    2.925619843090E+00     1.249394065328E-01
    2.858235306626E+00     1.275188720536E-01
    2.792110129922E+00     1.292243378195E-01
    2.727651996681E+00     1.299797585922E-01
    2.665258312728E+00     1.297219722320E-01
    2.605313755874E+00     1.284036597880E-01
    2.548187904244E+00     1.259957488465E-01
    2.494232957711E+00     1.224890088605E-01
    2.443781566462E+00     1.178946377151E-01
    2.397144780100E+00     1.122437106203E-01
    2.354610129922E+00     1.055854497017E-01
    2.316439856190E+00     9.798436793670E-02
    2.282869291335E+00     8.951643595190E-02
    2.254105409053E+00     8.026450610224E-02
    2.230325548242E+00     7.031329726519E-02
    2.211676319652E+00     5.974428936034E-02
    2.198272701979E+00     4.863089421130E-02
    2.190197332984E+00     3.703425691892E-02
    2.187500000000E+00     2.500000000000E-02
    2.190197332984E+00     1.296574308108E-02
    2.198272701979E+00     1.369105788695E-03
    2.211676319652E+00    -9.744289360342E-03
    2.230325548242E+00    -2.031329726519E-02
    2.254105409053E+00    -3.026450610224E-02
    2.282869291335E+00    -3.951643595190E-02
    2.316439856190E+00    -4.798436793670E-02
    2.354610129922E+00    -5.558544970170E-02
    2.397144780100E+00    -6.224371062029E-02
    2.443781566462E+00    -6.789463771509E-02
    2.494232957711E+00    -7.248900886049E-02
    2.548187904244E+00    -7.599574884655E-02
    2.605313755874E+00    -7.840365978802E-02
    2.665258312728E+00    -7.972197223205E-02
    2.727651996681E+00    -7.997975859222E-02
    2.792110129922E+00    -7.922433781951E-02
    2.858235306626E+00    -7.751887205356E-02
    2.925619843090E+00    -7.493940653281E-02
    2.993848291238E+00    -7.157162955756E-02
    3.062500000000E+00    -6.750762850100E-02
    3.131151708762E+00    -6.284289195239E-02
    3.199380156910E+00    -5.767376058414E-02
    3.266764693374E+00    -5.209546572666E-02
    3.332889870078E+00    -4.620082174614E-02
    3.397348003319E+00    -4.007956366278E-02
    3.459741687272E+00    -3.381825246248E-02
    3.519686244126E+00    -2.750061389640E-02
    3.576812095756E+00    -2.120813745143E-02
    3.630767042289E+00    -1.502074392568E-02
    3.681218433538E+00    -9.017333770296E-03
    3.727855219900E+00    -3.276052917104E-03
    3.770389870078E+00     2.125845046161E-03
    3.808560143810E+00     7.112606742303E-03
    3.842130708665E+00     1.161106211761E-02
    3.870894590947E+00     1.555212710106E-02
    3.894674451758E+00     1.887261604596E-02
    3.913323680348E+00     2.151721270365E-02
    3.926727298021E+00     2.344042389852E-02
    3.934802667016E+00     2.460833488707E-02
    3.937500000000E+00     2.500000000000E-02
*END
